date,code,open,high,low,close,preclose,volume,amount,adjustflag,turn,tradestatus,pctChg,isST
2015-03-23,sh.600958,12.0400,14.4400,12.0400,14.4400,10.0300,239605,3456296.0000,3,0.023960,1,43.968100,0
2015-03-24,sh.600958,15.8800,15.8800,15.8800,15.8800,14.4400,158906,2523427.0000,3,0.015891,1,9.972300,0
2015-03-25,sh.600958,17.4700,17.4700,17.4700,17.4700,15.8800,117167,2046907.0000,3,0.011717,1,10.012600,0
2015-03-26,sh.600958,19.2200,19.2200,19.2200,19.2200,17.4700,585800,11259076.0000,3,0.058580,1,10.017200,0
2015-03-27,sh.600958,21.1400,21.1400,21.1400,21.1400,19.2200,33632586,710992864.0000,3,3.363259,1,9.989600,0
2015-03-30,sh.600958,21.0900,22.9800,20.3300,22.1700,21.1400,461367088,9839962112.0000,3,46.136709,1,4.872300,0
2015-03-31,sh.600958,22.1700,23.6300,22.1700,22.6500,22.1700,336978288,7689204992.0000,3,33.697829,1,2.165100,0
2015-04-01,sh.600958,22.7000,23.4700,22.4000,23.3500,22.6500,198219954,4553019136.0000,3,19.821995,1,3.090500,0
2015-04-02,sh.600958,23.4500,25.0100,23.0100,24.9600,23.3500,217007344,5175281408.0000,3,21.700734,1,6.895100,0
2015-04-03,sh.600958,25.0300,27.4600,24.5300,27.4600,24.9600,236521050,6263204864.0000,3,23.652105,1,10.016000,0
2015-04-07,sh.600958,28.7900,30.2100,27.6000,30.2100,27.4600,217606519,6298695168.0000,3,21.760652,1,10.014600,0
2015-04-08,sh.600958,30.3000,33.2300,30.2100,33.2300,30.2100,220480363,7055832576.0000,3,22.048036,1,9.996700,0
2015-04-09,sh.600958,34.5000,36.5500,31.9000,32.8400,33.2300,282434832,9816446464.0000,3,28.243483,1,-1.173600,0
2015-04-10,sh.600958,32.7000,32.8600,31.1100,32.5500,32.8400,241831676,7735108352.0000,3,24.183168,1,-0.883100,0
2015-04-13,sh.600958,32.3000,32.4500,30.8800,31.7700,32.5500,164624912,5189817088.0000,3,16.462491,1,-2.396300,0
2015-04-14,sh.600958,31.2100,31.6300,30.3100,31.3200,31.7700,164496631,5104906752.0000,3,16.449663,1,-1.416400,0
2015-04-15,sh.600958,30.9700,31.7000,29.9700,30.0100,31.3200,126747599,3922020800.0000,3,12.674760,1,-4.182600,0
2015-04-16,sh.600958,29.3500,30.6000,28.9500,30.2600,30.0100,107908959,3206386752.0000,3,10.790896,1,0.833100,0
2015-04-17,sh.600958,30.9800,33.1500,30.9700,31.5500,30.2600,188748591,6009433856.0000,3,18.874859,1,4.263100,0
2015-04-20,sh.600958,31.6000,31.6000,29.6800,29.8300,31.5500,133884197,4103339632.0000,3,13.388420,1,-5.451700,0
2015-04-21,sh.600958,29.7600,32.8100,29.4000,32.7100,29.8300,225239168,7193533952.0000,3,22.523917,1,9.654700,0
2015-04-22,sh.600958,32.6000,34.5600,31.8000,33.8600,32.7100,214457261,7043258368.0000,3,21.445726,1,3.515700,0
2015-04-23,sh.600958,33.4700,34.3800,32.5500,32.8400,33.8600,162690357,5416233216.0000,3,16.269036,1,-3.012400,0
2015-04-24,sh.600958,31.8000,32.4800,31.0000,31.5200,32.8400,102368213,3249565216.0000,3,10.236821,1,-4.019500,0
2015-04-27,sh.600958,32.5200,33.3300,31.8500,32.2400,31.5200,114078418,3698015888.0000,3,11.407842,1,2.284300,0
2015-04-28,sh.600958,32.5400,33.4700,32.1400,32.9600,32.2400,159168710,5244000000.0000,3,15.916871,1,2.233200,0
2015-04-29,sh.600958,32.4500,32.9600,31.7300,32.5800,32.9600,98677338,3194639840.0000,3,9.867734,1,-1.152900,0
2015-04-30,sh.600958,32.6200,33.8000,32.3500,32.4700,32.5800,104307549,3436266208.0000,3,10.430755,1,-0.337600,0
2015-05-04,sh.600958,32.3000,32.3100,31.5000,32.0200,32.4700,71648302,2282226608.0000,3,7.164830,1,-1.385900,0
2015-05-05,sh.600958,32.0000,32.9000,30.4400,30.7200,32.0200,94351688,2997582480.0000,3,9.435169,1,-4.060000,0
2015-05-06,sh.600958,30.7200,31.6300,29.8000,30.2100,30.7200,85871142,2640956640.0000,3,8.587114,1,-1.660200,0
2015-05-07,sh.600958,29.8000,30.6100,29.5800,30.2600,30.2100,64280479,1945233360.0000,3,6.428048,1,0.165500,0
2015-05-08,sh.600958,30.8500,31.0400,29.4100,30.1600,30.2600,87578832,2624213984.0000,3,8.757883,1,-0.330500,0
2015-05-11,sh.600958,30.1400,31.4900,29.8000,31.4600,30.1600,102745385,3144549824.0000,3,10.274539,1,4.310300,0
2015-05-12,sh.600958,31.4500,32.8900,30.7500,31.7900,31.4600,128876785,4111222080.0000,3,12.887678,1,1.049000,0
2015-05-13,sh.600958,31.3100,31.9800,30.8000,30.9300,31.7900,75386620,2353707584.0000,3,7.538662,1,-2.705300,0
2015-05-14,sh.600958,31.1800,31.5200,30.2200,30.6800,30.9300,63250700,1950644176.0000,3,6.325070,1,-0.808300,0
2015-05-15,sh.600958,30.2500,30.4300,29.5700,29.7300,30.6800,65725705,1966924704.0000,3,6.572570,1,-3.096500,0
2015-05-18,sh.600958,29.3000,31.4000,29.0700,30.2800,29.7300,81385822,2456440416.0000,3,8.138582,1,1.850000,0
2015-05-19,sh.600958,30.5000,33.3100,30.3300,33.3100,30.2800,224982061,7305580288.0000,3,22.498206,1,10.006600,0
2015-05-20,sh.600958,34.3000,35.4100,32.8100,34.1000,33.3100,215409725,7280045312.0000,3,21.540972,1,2.371700,0
2015-05-21,sh.600958,34.0000,36.8800,33.6600,35.7800,34.1000,166970656,5925664512.0000,3,16.697066,1,4.926700,0
2015-05-22,sh.600958,36.2800,39.3600,35.5100,39.3600,35.7800,215942192,8226238464.0000,3,21.594219,1,10.005600,0
2015-05-25,sh.600958,40.0000,43.3000,39.3600,40.3600,39.3600,255426627,10646008832.0000,3,25.542663,1,2.540700,0
2015-05-26,sh.600958,39.8000,41.8500,38.3900,40.9600,40.3600,179829537,7158518016.0000,3,17.982954,1,1.486600,0
2015-05-27,sh.600958,40.7500,41.1800,39.6000,39.9300,40.9600,121010251,4883979776.0000,3,12.101025,1,-2.514600,0
2015-05-28,sh.600958,39.7000,41.3800,35.9900,36.1900,39.9300,174144483,6803646720.0000,3,17.414448,1,-9.366400,0
2015-05-29,sh.600958,36.4500,37.6900,34.6800,36.1700,36.1900,141978397,5173902336.0000,3,14.197840,1,-0.055300,0
2015-06-01,sh.600958,35.7600,39.7000,35.5900,38.9500,36.1700,133416444,5005418496.0000,3,13.341644,1,7.685900,0
2015-06-02,sh.600958,38.9500,39.1900,37.5800,38.5900,38.9500,99195848,3812100432.0000,3,9.919585,1,-0.924300,0
2015-06-03,sh.600958,38.6500,38.9800,37.3600,37.5300,38.5900,82329359,3134694016.0000,3,8.232936,1,-2.746800,0
2015-06-04,sh.600958,37.1800,38.9700,35.1000,38.4200,37.5300,104181067,3899437136.0000,3,10.418107,1,2.371400,0
2015-06-05,sh.600958,40.0000,40.9600,38.2000,38.9800,38.4200,127895592,5049216512.0000,3,12.789559,1,1.457600,0
2015-06-08,sh.600958,39.5000,41.2000,38.2300,40.9700,38.9800,147481137,5881497344.0000,3,14.748114,1,5.105200,0
2015-06-09,sh.600958,40.9500,41.0300,38.5300,39.0900,40.9700,108870709,4315725824.0000,3,10.887071,1,-4.588700,0
2015-06-10,sh.600958,38.4000,39.0500,37.8500,38.3000,39.0900,73295794,2822493920.0000,3,7.329579,1,-2.021000,0
2015-06-11,sh.600958,38.0000,38.4000,37.3000,37.8300,38.3000,66432540,2506926624.0000,3,6.643254,1,-1.227100,0
2015-06-12,sh.600958,37.9500,39.8500,37.9500,39.2200,37.8300,113964136,4453708800.0000,3,11.396414,1,3.674300,0
2015-06-15,sh.600958,40.1000,40.5800,38.4500,39.1300,39.2200,94134811,3699290224.0000,3,9.413481,1,-0.229500,0
2015-06-16,sh.600958,38.5700,39.7000,36.9000,37.5000,39.1300,77168853,2969017648.0000,3,7.716885,1,-4.165600,0
2015-06-17,sh.600958,37.1900,37.6500,35.7900,37.3100,37.5000,66663001,2444375776.0000,3,6.666300,1,-0.506700,0
2015-06-18,sh.600958,36.8800,37.1500,34.0000,34.3500,37.3100,61733632,2220241376.0000,3,6.173363,1,-7.933500,0
2015-06-19,sh.600958,33.5000,35.2900,32.7500,32.7900,34.3500,66399678,2267800688.0000,3,6.639968,1,-4.541500,0
2015-06-23,sh.600958,32.5100,33.9900,30.0100,33.6100,32.7900,74752976,2436780640.0000,3,7.475298,1,2.500800,0
2015-06-24,sh.600958,33.4500,33.5900,32.2800,33.4000,33.6100,73686524,2436676864.0000,3,7.368652,1,-0.624800,0
2015-06-25,sh.600958,33.4300,34.0000,31.6300,32.1200,33.4000,71045333,2361610400.0000,3,7.104533,1,-3.832300,0
2015-06-26,sh.600958,31.0000,32.4100,28.7700,28.7700,31.9700,80296464,2429757616.0000,3,8.029646,1,-10.009400,0
2015-06-29,sh.600958,29.8700,29.9400,25.8900,26.2100,28.7700,101971732,2824547424.0000,3,10.197173,1,-8.898200,0
2015-06-30,sh.600958,26.2000,28.6500,24.2300,28.6200,26.2100,98935481,2654663952.0000,3,9.893548,1,9.195000,0
2015-07-01,sh.600958,28.0500,29.2200,26.0000,26.2100,28.6200,80261375,2260632400.0000,3,8.026137,1,-8.420700,0
2015-07-02,sh.600958,27.2000,27.9500,24.2500,25.9200,26.2100,83205349,2200872336.0000,3,8.320535,1,-1.106400,0
2015-07-03,sh.600958,25.4100,26.7500,23.5100,24.3000,25.9200,67408013,1694862336.0000,3,6.740801,1,-6.250000,0
2015-07-06,sh.600958,26.7300,26.7300,24.8000,26.2200,24.3000,145106995,3763350400.0000,3,14.510699,1,7.901200,0
2015-07-07,sh.600958,25.3000,26.5800,23.6000,25.6700,26.2200,119068851,2998560624.0000,3,11.906885,1,-2.097600,0
2015-07-08,sh.600958,23.1000,24.4500,23.1000,23.1800,25.6700,132672102,3096405616.0000,3,13.267210,1,-9.700000,0
2015-07-09,sh.600958,23.1800,25.5000,21.1500,25.5000,23.1800,100680992,2445928816.0000,3,10.068099,1,10.008600,0
2015-07-10,sh.600958,25.4000,28.0500,24.9800,28.0500,25.5000,117667357,3236904384.0000,3,11.766736,1,10.000000,0
2015-07-13,sh.600958,27.4000,29.7100,26.9500,28.3200,28.0500,124531611,3514284272.0000,3,12.453161,1,0.962600,0
2015-07-14,sh.600958,27.9800,28.2900,26.5000,26.8200,28.3200,87819645,2404373600.0000,3,8.781965,1,-5.296600,0
2015-07-15,sh.600958,26.1200,27.2800,24.2000,24.8600,26.8200,74652122,1907168256.0000,3,7.465212,1,-7.308000,0
2015-07-16,sh.600958,24.8600,25.8800,24.0100,25.3300,24.8600,50793846,1276897152.0000,3,5.079385,1,1.890600,0
2015-07-17,sh.600958,25.6000,27.1500,25.3300,26.6500,25.3300,50626094,1324528496.0000,3,5.062609,1,5.211200,0
2015-07-20,sh.600958,26.4000,26.8700,25.6300,25.9400,26.6500,55067449,1440051888.0000,3,5.506745,1,-2.664200,0
2015-07-21,sh.600958,25.4000,26.7900,25.0600,25.9800,25.9400,58369105,1516173824.0000,3,5.836911,1,0.154200,0
2015-07-22,sh.600958,25.6900,26.1600,25.1400,25.4900,25.9800,41259915,1057518896.0000,3,4.125992,1,-1.886100,0
2015-07-23,sh.600958,25.5100,26.7000,25.5100,26.6100,25.4900,62219192,1635624880.0000,3,6.221919,1,4.393900,0
2015-07-24,sh.600958,26.7600,27.2000,25.7100,25.8200,26.6100,67301836,1792346240.0000,3,6.730184,1,-2.968800,0
2015-07-27,sh.600958,25.0000,25.3400,23.2400,23.2400,25.8200,56839874,1390375328.0000,3,5.683987,1,-9.992300,0
2015-07-28,sh.600958,22.4100,25.5600,20.9800,25.3800,23.2400,128226703,3064151152.0000,3,12.822670,1,9.208300,0
2015-07-29,sh.600958,25.1100,25.2700,24.2600,25.0900,25.3800,67591165,1669050976.0000,3,6.759116,1,-1.142600,0
2015-07-30,sh.600958,24.8000,25.4800,23.5000,23.6900,25.0900,40778567,1002755344.0000,3,4.077857,1,-5.579900,0
2015-07-31,sh.600958,23.2500,24.1400,23.2100,23.9800,23.6900,34468463,818424896.0000,3,3.446846,1,1.224100,0
2015-08-03,sh.600958,23.1800,24.1900,23.1800,24.1700,23.9800,31139023,740554752.0000,3,3.113902,1,0.792300,0
2015-08-04,sh.600958,24.1800,24.8000,23.7200,24.6000,24.1700,34112018,831361440.0000,3,3.411202,1,1.779100,0
2015-08-05,sh.600958,24.4100,24.5800,23.7000,23.8000,24.6000,25342208,611547648.0000,3,2.534221,1,-3.252000,0
2015-08-06,sh.600958,23.1200,23.6200,22.9700,23.0000,23.8000,20413374,474232496.0000,3,2.041337,1,-3.361300,0
2015-08-07,sh.600958,23.2000,23.7000,23.1000,23.3700,23.0000,23122531,541498208.0000,3,2.312253,1,1.608700,0
2015-08-10,sh.600958,23.4800,25.3300,23.1800,24.8000,23.3700,62625050,1526161440.0000,3,6.262505,1,6.118900,0
2015-08-11,sh.600958,24.4800,24.9600,24.2600,24.3600,24.8000,41306345,1015353600.0000,3,4.130635,1,-1.774200,0
2015-08-12,sh.600958,23.9700,24.9800,23.8700,24.2400,24.3600,34265713,836792224.0000,3,3.426571,1,-0.492600,0
2015-08-13,sh.600958,24.1800,24.5600,23.6800,24.3900,24.2400,29595187,714700304.0000,3,2.959519,1,0.618800,0
2015-08-14,sh.600958,24.5000,24.9900,24.3900,24.7400,24.3900,42980338,1061136880.0000,3,4.298034,1,1.435000,0
2015-08-17,sh.600958,24.7000,24.7000,23.8000,24.1900,24.7400,29937800,722711040.0000,3,2.993780,1,-2.223100,0
2015-08-18,sh.600958,24.3000,25.2900,22.0000,22.0900,24.1900,58733620,1416611424.0000,3,5.873362,1,-8.681300,0
2015-08-19,sh.600958,21.5000,22.4900,21.0000,22.2900,22.0900,37445234,817147792.0000,3,3.744523,1,0.905400,0
2015-08-20,sh.600958,22.1700,22.1800,21.2500,21.3000,22.2900,24319988,528521024.0000,3,2.431999,1,-4.441500,0
2015-08-21,sh.600958,21.0000,21.5000,19.8000,19.9000,21.3000,28912683,594587584.0000,3,2.891268,1,-6.572800,0
2015-08-24,sh.600958,19.1100,19.1300,17.9100,17.9100,19.9000,35756191,649164816.0000,3,3.575619,1,-10.000000,0
2015-08-25,sh.600958,16.3800,17.1000,16.1200,16.1200,17.9100,32735334,537909280.0000,3,3.273533,1,-9.994400,0
2015-08-26,sh.600958,16.4100,17.0000,14.8800,15.5900,16.1200,46323831,751509888.0000,3,4.632383,1,-3.287800,0
2015-08-27,sh.600958,16.1000,16.8400,15.5500,16.7500,15.5900,36437383,587719152.0000,3,3.643738,1,7.440700,0
2015-08-28,sh.600958,17.0100,17.8000,16.5200,17.7600,16.7500,48181842,821151984.0000,3,4.818184,1,6.029900,0
2015-08-31,sh.600958,17.5000,17.5000,16.4000,16.6100,17.7600,36988693,623587120.0000,3,3.698869,1,-6.475200,0
2015-09-01,sh.600958,16.4300,17.2600,15.3900,16.2200,16.6100,36993024,606142688.0000,3,3.699302,1,-2.348000,0
2015-09-02,sh.600958,15.4000,16.5100,15.1700,15.3900,16.2200,33062475,522101248.0000,3,3.306248,1,-5.117100,0
2015-09-07,sh.600958,15.7800,16.2900,15.5100,15.8000,15.3900,25761471,412280800.0000,3,2.576147,1,2.664100,0
2015-09-08,sh.600958,15.5900,16.5700,15.3600,16.5400,15.8000,26168488,419312192.0000,3,2.616849,1,4.683500,0
2015-09-09,sh.600958,16.7000,17.9800,16.5100,17.3800,16.5400,51832142,889288176.0000,3,5.183214,1,5.078600,0
2015-09-10,sh.600958,16.9000,17.1200,16.6000,16.8000,17.3800,29779351,502704832.0000,3,2.977935,1,-3.337200,0
2015-09-11,sh.600958,16.7800,17.0500,16.5500,16.7900,16.8000,19152430,321814160.0000,3,1.915243,1,-0.059500,0
2015-09-14,sh.600958,16.6800,16.7700,15.1200,16.4000,16.7900,53216069,850893440.0000,3,5.321607,1,-2.322800,0
2015-09-15,sh.600958,15.7100,16.1600,14.9200,15.5700,16.4000,22200688,345620992.0000,3,2.220069,1,-5.061000,0
2015-09-16,sh.600958,15.5000,17.0400,15.5000,16.8700,15.5700,26882355,435996944.0000,3,2.688236,1,8.349400,0
2015-09-17,sh.600958,16.5400,16.9600,16.0200,16.0800,16.8700,24078852,399473824.0000,3,2.407885,1,-4.682900,0
2015-09-18,sh.600958,16.2500,16.3900,15.9600,16.0900,16.0800,14219382,229535955.0000,3,1.421938,1,0.062200,0
2015-09-21,sh.600958,16.0500,16.4800,15.8100,16.4200,16.0900,15765203,255091209.0000,3,1.576520,1,2.051000,0
2015-09-22,sh.600958,16.5500,17.8000,16.4600,17.0500,16.4200,41402444,712811088.0000,3,4.140244,1,3.836800,0
2015-09-23,sh.600958,16.3800,16.8400,16.2600,16.3400,17.0500,21901489,362182672.0000,3,2.190149,1,-4.164200,0
2015-09-24,sh.600958,16.4200,16.7400,16.3200,16.5700,16.3400,15319344,253133597.0000,3,1.531934,1,1.407600,0
2015-09-25,sh.600958,16.5100,16.6800,15.8300,16.1200,16.5700,15751601,255065994.0000,3,1.575160,1,-2.715700,0
2015-09-28,sh.600958,16.0800,16.4600,15.7500,16.4500,16.1200,11435452,184501850.0000,3,1.143545,1,2.047100,0
2015-09-29,sh.600958,16.1000,16.8000,15.8500,16.2800,16.4500,15558837,253280885.0000,3,1.555884,1,-1.033400,0
2015-09-30,sh.600958,16.3100,16.7600,16.2300,16.3700,16.2800,16649077,274903552.0000,3,1.664908,1,0.552800,0
2015-10-08,sh.600958,17.3800,17.6000,16.8300,16.8500,16.3700,31995304,547238928.0000,3,3.199530,1,2.932200,0
2015-10-09,sh.600958,16.9200,18.4800,16.8200,18.1400,16.8500,57314036,1023041760.0000,3,5.731404,1,7.655800,0
2015-10-12,sh.600958,18.0000,19.6500,17.8700,19.2100,18.1400,57209381,1077692240.0000,3,5.720938,1,5.898600,0
2015-10-13,sh.600958,18.9500,19.1800,18.5200,18.9900,19.2100,25964038,490248672.0000,3,2.596404,1,-1.145200,0
2015-10-14,sh.600958,18.8000,19.3500,18.5100,18.6300,18.9900,27504462,519881488.0000,3,2.750446,1,-1.895700,0
2015-10-15,sh.600958,18.6000,19.2500,18.6000,19.2300,18.6300,28628260,544927680.0000,3,2.862826,1,3.220600,0
2015-10-16,sh.600958,19.5000,20.1000,19.3800,19.6600,19.2300,41136223,810023504.0000,3,4.113622,1,2.236100,0
2015-10-19,sh.600958,19.6500,21.1000,19.6500,20.3200,19.6600,48129607,985769952.0000,3,4.812961,1,3.357100,0
2015-10-20,sh.600958,20.1800,21.3400,19.9700,21.2900,20.3200,39306771,814733248.0000,3,3.930677,1,4.773600,0
2015-10-21,sh.600958,21.6500,21.6900,19.4800,20.5300,21.2900,53279991,1098353264.0000,3,5.327999,1,-3.569800,0
2015-10-22,sh.600958,20.2000,20.7400,19.7000,20.5800,20.5300,26918464,545250336.0000,3,2.691846,1,0.243500,0
2015-10-23,sh.600958,20.6400,20.8500,19.5900,20.5700,20.5800,40804197,824348672.0000,3,4.080420,1,-0.048600,0
2015-10-26,sh.600958,21.2600,22.1600,21.0000,21.0600,20.5700,44262140,951371344.0000,3,4.426214,1,2.382100,0
2015-10-27,sh.600958,21.2800,21.3700,20.0600,21.1800,21.0600,29546759,615024976.0000,3,2.954676,1,0.569800,0
2015-10-28,sh.600958,20.9600,21.7800,20.6000,20.6700,21.1800,23922117,505498944.0000,3,2.392212,1,-2.407900,0
2015-10-29,sh.600958,20.8000,21.0000,20.2100,20.2900,20.6700,21785064,446373520.0000,3,2.178506,1,-1.838400,0
2015-10-30,sh.600958,20.3500,21.5000,19.9100,20.7500,20.2900,41395669,860130096.0000,3,4.139567,1,2.267100,0
2015-11-02,sh.600958,20.0100,20.6100,19.6800,19.7500,20.7500,30316736,610401456.0000,3,3.031674,1,-4.819300,0
2015-11-03,sh.600958,19.7800,20.0600,19.4800,19.6400,19.7500,20584853,406347168.0000,3,2.058485,1,-0.557000,0
2015-11-04,sh.600958,19.7200,21.4900,19.6200,21.4900,19.5400,63855686,1346848048.0000,3,6.385569,1,9.979500,0
2015-11-05,sh.600958,22.6000,23.6400,22.5500,23.6400,21.4900,152055195,3566537696.0000,3,15.205520,1,10.004700,0
2015-11-06,sh.600958,23.4000,26.0000,22.9200,26.0000,23.6400,143692174,3533124912.0000,3,14.369217,1,9.983100,0
2015-11-09,sh.600958,26.4000,28.0500,25.7000,25.9900,26.0000,135800947,3642716064.0000,3,13.580095,1,-0.038500,0
2015-11-10,sh.600958,25.4500,28.0500,25.2100,26.5100,25.9900,109043816,2902685872.0000,3,10.904382,1,2.000800,0
2015-11-11,sh.600958,25.8500,27.9600,25.3100,27.0000,26.5100,86424939,2276816400.0000,3,8.642494,1,1.848400,0
2015-11-12,sh.600958,26.9000,27.3000,25.8100,26.2100,27.0000,68406794,1814253104.0000,3,6.840679,1,-2.925900,0
2015-11-13,sh.600958,25.7800,27.5900,25.7000,26.7000,26.2100,82539685,2202731712.0000,3,8.253969,1,1.869500,0
2015-11-16,sh.600958,25.9000,26.4300,25.5000,26.2900,26.7000,54229559,1409667040.0000,3,5.422956,1,-1.535600,0
2015-11-17,sh.600958,26.7200,28.9200,26.5300,27.1900,26.2900,156005683,4395289856.0000,3,15.600568,1,3.423400,0
2015-11-18,sh.600958,26.7000,27.2500,24.6100,25.2300,27.1900,89938926,2340952160.0000,3,8.993893,1,-7.208500,0
2015-11-19,sh.600958,25.2300,25.7600,24.8100,25.7100,25.2300,50804029,1278518816.0000,3,5.080403,1,1.902500,0
2015-11-20,sh.600958,25.5900,25.5900,25.0300,25.1900,25.7100,34991041,882477024.0000,3,3.499104,1,-2.022600,0
2015-11-23,sh.600958,25.1900,26.0000,24.8100,24.9800,25.1900,37274225,945554688.0000,3,3.727423,1,-0.833700,0
2015-11-24,sh.600958,24.8500,25.8700,24.6000,25.5000,24.9800,39026586,985806416.0000,3,3.902659,1,2.081700,0
2015-11-25,sh.600958,25.1500,25.5900,24.7900,25.4900,25.5000,43838699,1102334384.0000,3,4.383870,1,-0.039200,0
2015-11-26,sh.600958,25.9100,26.4900,25.1000,25.1900,25.4900,49680364,1285622656.0000,3,4.968036,1,-1.176900,0
2015-11-27,sh.600958,24.6000,24.7800,22.6700,22.6700,25.1900,68075359,1606230240.0000,3,6.807536,1,-10.004000,0
2015-11-30,sh.600958,22.2000,23.4200,21.3000,22.6100,22.6700,51673340,1151368000.0000,3,5.167334,1,-0.264700,0
2015-12-01,sh.600958,22.3200,22.4600,21.7800,22.2900,22.6100,30490291,674701072.0000,3,3.049029,1,-1.415300,0
2015-12-02,sh.600958,22.3500,24.0000,22.0700,23.5500,22.2900,62403485,1436216544.0000,3,6.240349,1,5.652800,0
2015-12-03,sh.600958,23.2700,24.1000,23.0200,23.6200,23.5500,46343450,1094255760.0000,3,4.634345,1,0.297200,0
2015-12-04,sh.600958,23.1300,23.4800,22.8200,22.9300,23.6200,30161339,695831824.0000,3,3.016134,1,-2.921300,0
2015-12-07,sh.600958,22.9500,22.9600,22.2800,22.5600,22.9300,20317667,458092368.0000,3,2.031767,1,-1.613600,0
2015-12-08,sh.600958,22.2900,22.8000,22.0000,22.0800,22.5600,23018202,515208736.0000,3,2.301820,1,-2.127700,0
2015-12-09,sh.600958,22.0600,22.7900,21.9100,22.3200,22.0800,23782400,533720608.0000,3,2.378240,1,1.087000,0
2015-12-10,sh.600958,22.5600,23.8900,22.3800,22.5600,22.3200,46116157,1069355776.0000,3,4.611616,1,1.075300,0
2015-12-11,sh.600958,22.0000,23.4500,21.9100,22.7900,22.5600,35121664,795119984.0000,3,3.512166,1,1.019500,0
2015-12-14,sh.600958,22.4800,25.0700,22.4000,25.0700,22.7900,78308384,1883895872.0000,3,7.830838,1,10.004400,0
2015-12-15,sh.600958,25.0000,25.4000,24.5100,24.6700,25.0700,66480854,1653701920.0000,3,6.648085,1,-1.595500,0
2015-12-16,sh.600958,24.7200,25.3500,24.4100,24.5900,24.6700,37500615,931369840.0000,3,3.750062,1,-0.324300,0
2015-12-17,sh.600958,25.0500,26.8300,24.7000,25.5200,24.5900,72619275,1866183568.0000,3,7.261927,1,3.782000,0
2015-12-18,sh.600958,25.1000,25.7000,24.8400,25.0400,25.5200,41711601,1047396832.0000,3,4.171160,1,-1.880900,0
2015-12-21,sh.600958,25.3000,26.0100,25.0600,25.3500,25.0400,43515411,1109860400.0000,3,4.351541,1,1.238000,0
2015-12-22,sh.600958,25.4100,25.7000,24.9300,25.4800,25.3500,31085877,787605744.0000,3,3.108588,1,0.512800,0
2015-12-23,sh.600958,25.7000,26.8100,25.4100,25.7200,25.4800,77191685,2012994608.0000,3,7.719168,1,0.941900,0
2015-12-24,sh.600958,25.4500,25.4500,23.9000,24.1900,25.7200,53491777,1311618960.0000,3,5.349178,1,-5.948700,0
2015-12-25,sh.600958,24.1000,24.5600,24.0300,24.4200,24.1900,20493576,498049664.0000,3,2.049358,1,0.950800,0
2015-12-28,sh.600958,24.7700,24.8600,23.5000,23.5900,24.4200,33100319,798193456.0000,3,3.310032,1,-3.398900,0
2015-12-29,sh.600958,23.6100,23.9200,23.5000,23.7600,23.5900,21090526,499807440.0000,3,2.109053,1,0.720600,0
2015-12-30,sh.600958,23.8000,23.9500,23.2100,23.5100,23.7600,26421606,622088016.0000,3,2.642161,1,-1.052200,0
2015-12-31,sh.600958,23.5500,23.7700,23.2500,23.2900,23.5100,18604583,436853152.0000,3,1.860458,1,-0.935800,0
2016-01-04,sh.600958,23.1700,23.1900,20.9700,20.9800,23.2900,24291712,535127200.0000,3,2.429171,1,-9.918400,0
2016-01-05,sh.600958,20.0300,21.3800,19.5100,20.5900,20.9800,33797169,691588416.0000,3,3.379717,1,-1.858900,0
2016-01-06,sh.600958,20.6000,21.0000,20.2000,20.9000,20.5900,27561873,569643136.0000,3,2.756187,1,1.505600,0
2016-01-07,sh.600958,20.5100,20.5800,18.8100,18.8600,20.9000,5948019,117318113.0000,3,0.594802,1,-9.760800,0
2016-01-08,sh.600958,19.5000,20.5000,18.0300,19.5400,18.8600,40775544,797497488.0000,3,4.077554,1,3.605500,0
2016-01-11,sh.600958,18.9600,19.3800,18.1200,18.2300,19.5400,32619922,614108112.0000,3,3.261992,1,-6.704200,0
2016-01-12,sh.600958,18.4800,19.1000,18.3500,18.6800,18.2300,27198714,510914000.0000,3,2.719871,1,2.468500,0
2016-01-13,sh.600958,18.9900,19.2000,18.4300,18.5000,18.6800,28131777,530843392.0000,3,2.813178,1,-0.963600,0
2016-01-14,sh.600958,17.9600,19.1000,17.8100,19.0700,18.5000,22219677,416041376.0000,3,2.221968,1,3.081100,0
2016-01-15,sh.600958,18.9400,19.0500,18.1800,18.2600,19.0700,22526390,418614144.0000,3,2.252639,1,-4.247500,0
2016-01-18,sh.600958,17.9000,18.5300,17.8000,18.1900,18.2600,19540369,356763200.0000,3,1.954037,1,-0.383300,0
2016-01-19,sh.600958,18.1600,18.9900,18.1600,18.9300,18.1900,28976051,541861968.0000,3,2.897605,1,4.068200,0
2016-01-20,sh.600958,18.8000,19.1800,18.6200,18.7100,18.9300,21047071,396825264.0000,3,2.104707,1,-1.162200,0
2016-01-21,sh.600958,18.4100,18.9300,17.8600,17.9000,18.7100,18861587,347237552.0000,3,1.886159,1,-4.329200,0
2016-01-22,sh.600958,18.1100,18.3300,17.7500,18.1700,17.9000,14688999,265265748.0000,3,1.468900,1,1.508400,0
2016-01-25,sh.600958,18.3700,18.4900,18.1000,18.2600,18.1700,10851822,198727309.0000,3,1.085182,1,0.495300,0
2016-01-26,sh.600958,18.0000,18.1300,16.4300,16.4300,18.2600,20159952,351007888.0000,3,2.015995,1,-10.021900,0
2016-01-27,sh.600958,16.4900,16.6900,15.6200,16.0700,16.4300,22464257,364044384.0000,3,2.246426,1,-2.191100,0
2016-01-28,sh.600958,16.0800,17.6800,16.0800,16.5300,16.0700,35465954,597872576.0000,3,3.546595,1,2.862500,0
2016-01-29,sh.600958,16.8000,18.1800,16.7100,18.1800,16.5300,38183481,681855600.0000,3,3.818348,1,9.981800,0
2016-02-01,sh.600958,18.5000,18.9900,18.2000,18.7200,18.1800,63117551,1177561728.0000,3,6.311755,1,2.970300,0
2016-02-02,sh.600958,18.4400,19.2800,18.3900,19.0900,18.7200,55326933,1041424464.0000,3,5.532693,1,1.976500,0
2016-02-03,sh.600958,18.5500,18.6900,18.0300,18.5100,19.0900,36093260,664615136.0000,3,3.609326,1,-3.038200,0
2016-02-04,sh.600958,18.8600,18.8800,18.3600,18.5400,18.5100,38527792,717580528.0000,3,3.852779,1,0.162100,0
2016-02-05,sh.600958,18.1800,18.3300,17.7600,17.8200,18.5400,35477340,639838352.0000,3,3.547734,1,-3.883500,0
2016-02-15,sh.600958,16.8700,17.3500,16.6600,17.1900,17.8200,25061416,425872512.0000,3,2.506142,1,-3.535300,0
2016-02-16,sh.600958,17.5100,18.3200,17.3800,18.1200,17.1900,37723916,678911632.0000,3,3.772392,1,5.410100,0
2016-02-17,sh.600958,18.0000,18.1300,17.7400,18.0600,18.1200,28187065,506138480.0000,3,2.818707,1,-0.331100,0
2016-02-18,sh.600958,18.2100,18.5700,17.9100,17.9400,18.0600,33088669,605393184.0000,3,3.308867,1,-0.664400,0
2016-02-19,sh.600958,17.6900,18.0500,17.6100,17.8500,17.9400,20726994,368608960.0000,3,2.072699,1,-0.501700,0
2016-02-22,sh.600958,18.2000,19.6400,18.0000,19.6400,17.8500,54886118,1043954256.0000,3,5.488612,1,10.028000,0
2016-02-23,sh.600958,20.0000,20.0000,19.0000,19.4900,19.6400,57040862,1106537200.0000,3,5.704086,1,-0.763700,0
2016-02-24,sh.600958,19.2000,19.5500,18.7100,19.5100,19.4900,46436501,889024368.0000,3,4.643650,1,0.102600,0
2016-02-25,sh.600958,19.3000,19.3800,17.5600,17.7700,19.5100,47766306,880885216.0000,3,4.776631,1,-8.918500,0
2016-02-26,sh.600958,17.8000,18.4300,17.5000,18.2700,17.7700,34154746,614679184.0000,3,3.415475,1,2.813700,0
2016-02-29,sh.600958,17.9800,17.9800,16.5000,17.2700,18.2700,34043569,581405840.0000,3,3.404357,1,-5.473500,0
2016-03-01,sh.600958,17.3300,19.0000,17.1600,18.6400,17.2700,53372905,969506400.0000,3,5.337290,1,7.932800,0
2016-03-02,sh.600958,18.6000,20.2000,18.4100,19.7200,18.6400,75456660,1452218832.0000,3,7.545666,1,5.794000,0
2016-03-03,sh.600958,19.4000,19.9800,19.3000,19.4100,19.7200,49194704,962708800.0000,3,4.919470,1,-1.572000,0
2016-03-04,sh.600958,19.3300,20.4500,19.2200,20.0000,19.4100,79732297,1584951376.0000,3,7.973230,1,3.039700,0
2016-03-07,sh.600958,20.1800,20.4900,19.7000,20.0800,20.0000,70117439,1410805712.0000,3,7.011744,1,0.400000,0
2016-03-08,sh.600958,19.9100,19.9200,18.6600,19.8100,20.0800,52514419,1012182448.0000,3,5.251442,1,-1.344600,0
2016-03-09,sh.600958,19.1300,19.7600,18.9400,19.3700,19.8100,37136347,716473328.0000,3,3.713635,1,-2.221100,0
2016-03-10,sh.600958,19.2000,19.4900,18.5100,18.5400,19.3700,28395104,538602288.0000,3,2.839510,1,-4.285000,0
2016-03-11,sh.600958,18.1300,19.1500,18.0500,18.9200,18.5400,31286922,583154432.0000,3,3.128692,1,2.049600,0
2016-03-14,sh.600958,19.3000,20.1500,19.0200,19.5100,18.9200,48416284,950094704.0000,3,4.841628,1,3.118400,0
2016-03-15,sh.600958,19.3700,19.5000,18.9500,19.2200,19.5100,28194082,541295216.0000,3,2.819408,1,-1.486400,0
2016-03-16,sh.600958,19.2800,19.4900,19.1000,19.1500,19.2200,33419280,643952144.0000,3,3.341928,1,-0.364200,0
2016-03-17,sh.600958,19.3000,20.1000,19.1700,19.8600,19.1500,52083456,1024812512.0000,3,5.208346,1,3.707600,0
2016-03-18,sh.600958,19.8000,21.1200,19.7000,20.7200,19.8600,82359577,1686766432.0000,3,8.235958,1,4.330300,0
2016-03-21,sh.600958,21.6900,22.7900,21.0000,22.7900,20.7200,140497794,3149773104.0000,3,14.049779,1,9.990400,0
2016-03-22,sh.600958,22.0000,22.4800,21.6700,21.7400,22.7900,87359851,1923607120.0000,3,8.735985,1,-4.607300,0
2016-03-23,sh.600958,21.2500,22.0100,20.8300,21.7600,21.7400,123053164,2629734144.0000,3,3.895735,1,0.092000,0
2016-03-24,sh.600958,21.1000,21.4000,20.6300,20.6500,21.7600,75192258,1575313088.0000,3,2.380509,1,-5.101100,0
2016-03-25,sh.600958,20.5600,20.9800,20.3200,20.8000,20.6500,58676650,1213100464.0000,3,1.857642,1,0.726400,0
2016-03-28,sh.600958,20.7000,20.9300,20.1000,20.2500,20.8000,64119340,1317796800.0000,3,2.029952,1,-2.644200,0
2016-03-29,sh.600958,20.2600,20.4400,19.7800,19.9600,20.2500,62816733,1262164672.0000,3,1.988712,1,-1.432100,0
2016-03-30,sh.600958,20.1600,20.5400,20.0700,20.4500,19.9600,73861769,1503145472.0000,3,2.338387,1,2.454900,0
2016-03-31,sh.600958,20.5000,20.8200,20.0900,20.3100,20.4500,84910765,1736998736.0000,3,2.688186,1,-0.684600,0
2016-04-01,sh.600958,20.2000,20.3400,19.5500,19.8900,20.3100,54873836,1091788192.0000,3,1.737249,1,-2.067900,0
2016-04-05,sh.600958,19.8900,20.4000,19.7700,20.2400,19.8900,69256731,1397473872.0000,3,2.192596,1,1.759700,0
2016-04-06,sh.600958,20.1200,20.2500,19.7800,20.0000,20.2400,51945267,1039807824.0000,3,1.644533,1,-1.185800,0
2016-04-07,sh.600958,20.0800,20.1500,19.2500,19.2800,20.0000,61007742,1196772432.0000,3,1.931442,1,-3.600000,0
2016-04-08,sh.600958,18.9000,18.9100,18.0600,18.7100,19.2800,84214929,1559099632.0000,3,2.666157,1,-2.956400,0
2016-04-11,sh.600958,19.5000,19.8100,19.2400,19.2600,18.7100,83372352,1629680736.0000,3,2.639482,1,2.939600,0
2016-04-12,sh.600958,19.0400,19.2100,18.6400,18.9100,19.2600,39695115,749174112.0000,3,1.256706,1,-1.817200,0
2016-04-13,sh.600958,19.0000,19.9000,19.0000,19.4900,18.9100,87612710,1717557088.0000,3,2.773727,1,3.067200,0
2016-04-14,sh.600958,19.5000,19.5700,19.2000,19.4500,19.4900,45141082,874492272.0000,3,1.429120,1,-0.205200,0
2016-04-15,sh.600958,19.5100,19.5700,19.2400,19.4000,19.4500,30233251,585561824.0000,3,0.957153,1,-0.257100,0
2016-04-18,sh.600958,19.2000,19.2000,18.7800,19.0300,19.4000,34049562,644666592.0000,3,1.077974,1,-1.907200,0
2016-04-19,sh.600958,19.1300,19.2000,18.8600,19.1000,19.0300,28057070,533123552.0000,3,0.888258,1,0.367800,0
2016-04-20,sh.600958,19.1800,19.6100,18.2000,18.9400,19.1000,78340119,1486345200.0000,3,2.480167,1,-0.837700,0
2016-04-21,sh.600958,18.5900,18.8900,18.4000,18.4600,18.9400,36860908,686164960.0000,3,1.166978,1,-2.534300,0
2016-04-22,sh.600958,18.3200,18.5900,18.3200,18.5600,18.4600,26490647,489617696.0000,3,0.838666,1,0.541700,0
2016-04-25,sh.600958,18.4500,18.5000,18.0700,18.2200,18.5600,27805974,505702304.0000,3,0.880308,1,-1.831900,0
2016-04-26,sh.600958,18.2200,18.4600,18.1200,18.3300,18.2200,21382018,391022160.0000,3,0.676932,1,0.603700,0
2016-04-27,sh.600958,18.3800,18.4000,18.0800,18.1600,18.3300,34076304,620984128.0000,3,1.078820,1,-0.927400,0
2016-04-28,sh.600958,18.1600,18.2300,17.7700,17.9900,18.1600,37395690,671800928.0000,3,1.183909,1,-0.936100,0
2016-04-29,sh.600958,17.9100,18.1800,17.8300,18.0700,17.9900,27473014,495127280.0000,3,0.869767,1,0.444700,0
2016-05-03,sh.600958,18.1200,18.5700,17.8600,18.4700,18.0700,46646491,854589760.0000,3,1.476779,1,2.213600,0
2016-05-04,sh.600958,18.3600,18.4200,18.0500,18.2000,18.4700,36963889,673902784.0000,3,1.170238,1,-1.461800,0
2016-05-05,sh.600958,18.1000,18.2200,18.0100,18.1900,18.2000,23878332,432698768.0000,3,0.755963,1,-0.054900,0
2016-05-06,sh.600958,18.2400,18.3200,17.6000,17.6400,18.1900,44023304,791067824.0000,3,1.393732,1,-3.023600,0
2016-05-09,sh.600958,17.4000,17.4200,16.9000,17.0100,17.6400,35340662,604293424.0000,3,1.118849,1,-3.571400,0
2016-05-10,sh.600958,16.9900,17.1600,16.9300,17.0100,17.0100,19642499,334390384.0000,3,0.621861,1,0.000000,0
2016-05-11,sh.600958,17.1000,17.1500,16.8000,16.8800,17.0100,18842090,318860752.0000,3,0.596521,1,-0.764300,0
2016-05-12,sh.600958,16.8600,16.9600,16.5500,16.9100,16.8800,18210998,305623232.0000,3,0.576541,1,0.177700,0
2016-05-13,sh.600958,16.8400,17.0700,16.7400,16.7800,16.9100,14640377,246709683.0000,3,0.463499,1,-0.768800,0
2016-05-16,sh.600958,16.7800,16.9000,16.6900,16.8700,16.7800,15041379,252725894.0000,3,0.476194,1,0.536400,0
2016-05-17,sh.600958,16.8800,17.2000,16.8300,16.9000,16.8700,23956568,406842128.0000,3,0.758440,1,0.177800,0
2016-05-18,sh.600958,16.7900,16.9000,16.5000,16.7300,16.9000,25700801,428155728.0000,3,0.813661,1,-1.005900,0
2016-05-19,sh.600958,16.7700,16.8900,16.6500,16.6800,16.7300,16102631,269865632.0000,3,0.509793,1,-0.298900,0
2016-05-20,sh.600958,16.6100,16.9800,16.5200,16.9600,16.6800,22309558,373361360.0000,3,0.706297,1,1.678600,0
2016-05-23,sh.600958,17.0000,17.3100,16.9000,17.0700,16.9600,30128592,515745056.0000,3,0.953840,1,0.648600,0
2016-05-24,sh.600958,17.0800,17.0800,16.5800,16.6100,17.0700,22091198,368807104.0000,3,0.699384,1,-2.694800,0
2016-05-25,sh.600958,16.7100,16.9300,16.6100,16.6300,16.6100,19014452,318738432.0000,3,0.601978,1,0.120400,0
2016-05-26,sh.600958,16.6300,16.7500,16.4200,16.7100,16.6300,20040855,332167920.0000,3,0.634473,1,0.481100,0
2016-05-27,sh.600958,16.7000,16.7100,16.5300,16.5700,16.7100,14629303,242815672.0000,3,0.463149,1,-0.837800,0
2016-05-30,sh.600958,16.5800,16.6800,16.4100,16.5800,16.5700,12357022,204598290.0000,3,0.391210,1,0.060400,0
2016-05-31,sh.600958,16.5800,17.8200,16.5800,17.7100,16.5800,80728994,1412800896.0000,3,2.555796,1,6.815400,0
2016-06-01,sh.600958,17.6800,17.7800,17.3400,17.3600,17.7100,50014196,875926800.0000,3,1.583397,1,-1.976300,0
2016-06-02,sh.600958,17.3000,17.4500,17.1500,17.3500,17.3600,30852229,534659456.0000,3,0.976749,1,-0.057600,0
2016-06-03,sh.600958,17.4700,17.4900,17.2200,17.2700,17.3500,36857747,639302272.0000,3,1.166878,1,-0.461100,0
2016-06-06,sh.600958,17.3500,17.3700,17.1000,17.1600,17.2700,18773066,323241904.0000,3,0.594336,1,-0.636900,0
2016-06-07,sh.600958,17.2100,17.3800,17.1500,17.3300,17.1600,25040895,432686624.0000,3,0.792769,1,0.990700,0
2016-06-08,sh.600958,17.3200,17.8000,17.2100,17.6200,17.3300,55357671,974132960.0000,3,1.752566,1,1.673400,0
2016-06-13,sh.600958,17.3000,17.5700,16.5700,16.6400,17.6200,43126232,744042336.0000,3,1.365332,1,-5.561900,0
2016-06-14,sh.600958,16.6000,16.9500,16.5200,16.9100,16.6400,28564474,479448848.0000,3,0.904322,1,1.622600,0
2016-06-15,sh.600958,16.6200,17.5400,16.5400,17.3000,16.9100,30675982,526416288.0000,3,0.971170,1,2.306300,0
2016-06-16,sh.600958,17.2800,17.4500,17.1700,17.2400,17.3000,22422020,388202096.0000,3,0.709858,1,-0.346800,0
2016-06-17,sh.600958,16.9500,17.2600,16.8000,16.8900,16.8900,21628504,367805424.0000,3,0.684736,1,0.000000,0
2016-06-20,sh.600958,16.8600,16.9600,16.5300,16.6700,16.8900,21229453,353447600.0000,3,0.672102,1,-1.302500,0
2016-06-21,sh.600958,16.8000,17.5000,16.6200,16.7400,16.6700,36884430,629831648.0000,3,1.167723,1,0.419900,0
2016-06-22,sh.600958,16.6000,16.9600,16.5100,16.9000,16.7400,20524174,343805136.0000,3,0.649774,1,0.955800,0
2016-06-23,sh.600958,16.8700,16.8800,16.6000,16.7100,16.9000,16481114,275868768.0000,3,0.521775,1,-1.124300,0
2016-06-24,sh.600958,16.7200,16.9500,16.0800,16.4500,16.7100,32494195,536392480.0000,3,1.028732,1,-1.555900,0
2016-06-27,sh.600958,16.2500,16.7200,16.2500,16.7000,16.4500,20461189,339752368.0000,3,0.647780,1,1.519800,0
2016-06-28,sh.600958,16.6700,17.1400,16.5300,16.8300,16.7000,34359162,575339152.0000,3,1.087775,1,0.778400,0
2016-06-29,sh.600958,16.8800,17.0800,16.7200,16.7500,16.8300,34577400,583711088.0000,3,1.094685,1,-0.475300,0
2016-06-30,sh.600958,16.8300,17.0000,16.6900,16.8100,16.7500,31073074,522129312.0000,3,0.983741,1,0.358200,0
2016-07-01,sh.600958,16.8800,16.9500,16.6800,16.7100,16.8100,22495073,377850784.0000,3,0.712171,1,-0.594900,0
2016-07-04,sh.600958,16.5800,17.2600,16.5500,17.0400,16.7100,59440705,1012075760.0000,3,1.881831,1,1.974900,0
2016-07-05,sh.600958,17.0200,17.1700,16.9600,17.0500,17.0400,37273152,636401648.0000,3,1.180029,1,0.058700,0
2016-07-06,sh.600958,17.0700,17.1700,16.9200,17.1100,17.0500,28963187,493564080.0000,3,0.916944,1,0.351900,0
2016-07-07,sh.600958,17.1500,18.2000,17.0700,17.7400,17.1100,82230467,1440411456.0000,3,2.603331,1,3.682100,0
2016-07-08,sh.600958,17.5700,17.7300,17.3600,17.4900,17.7400,49921258,874377552.0000,3,1.595758,1,-1.409200,0
2016-07-11,sh.600958,17.3600,17.6700,17.2500,17.2800,17.4900,46612569,812763632.0000,3,1.489994,1,-1.200700,0
2016-07-12,sh.600958,17.3200,17.7100,17.1200,17.6200,17.2800,55280472,967453568.0000,3,1.767068,1,1.967600,0
2016-07-13,sh.600958,17.7000,18.0800,17.5100,17.6300,17.6200,58401196,1038189504.0000,3,1.866823,1,0.056700,0
2016-07-14,sh.600958,17.5500,17.6000,17.4000,17.5200,17.6300,28356096,495882688.0000,3,0.906417,1,-0.623900,0
2016-07-15,sh.600958,17.6500,17.6800,17.3000,17.3700,17.5200,25709480,447867152.0000,3,0.821816,1,-0.856200,0
2016-07-18,sh.600958,17.3000,17.3000,17.0400,17.1600,17.3700,25981457,445652624.0000,3,0.830510,1,-1.209000,0
2016-07-19,sh.600958,17.1700,17.3400,17.1000,17.3200,17.1600,26669364,459654672.0000,3,0.852499,1,0.932400,0
2016-07-20,sh.600958,17.3600,17.3800,17.1800,17.2100,17.3200,17634448,304794992.0000,3,0.563694,1,-0.635100,0
2016-07-21,sh.600958,17.2100,17.5400,17.2000,17.2900,17.2100,28781343,500355776.0000,3,0.920010,1,0.464900,0
2016-07-22,sh.600958,17.2800,17.2900,17.0800,17.1100,17.2900,25088057,430001056.0000,3,0.801952,1,-1.041100,0
2016-07-25,sh.600958,17.1500,17.1700,17.0500,17.1000,17.1100,13447643,230115540.0000,3,0.429861,1,-0.058400,0
2016-07-26,sh.600958,17.1100,17.3000,17.0800,17.2400,17.1000,23161332,398195664.0000,3,0.740364,1,0.818700,0
2016-07-27,sh.600958,17.2100,17.2300,16.2600,16.8300,17.2400,49814826,832470768.0000,3,1.592356,1,-2.378200,0
2016-07-28,sh.600958,16.6500,16.6800,16.3200,16.5000,16.8300,21055159,347330464.0000,3,0.673039,1,-1.960800,0
2016-07-29,sh.600958,16.4800,16.5600,16.4100,16.4700,16.5000,16451040,270906448.0000,3,0.525866,1,-0.181800,0
2016-08-01,sh.600958,16.4500,16.5200,16.0600,16.2300,16.4700,21823325,353890176.0000,3,0.697593,1,-1.457200,0
2016-08-02,sh.600958,16.3100,16.3400,16.2100,16.3100,16.2300,10330009,167981183.0000,3,0.330204,1,0.492900,0
2016-08-03,sh.600958,16.3800,16.3900,16.2400,16.2800,16.3100,10289532,167670786.0000,3,0.329143,1,-0.183900,0
2016-08-04,sh.600958,16.3500,16.3700,16.2100,16.3400,16.2800,10226753,166698175.0000,3,0.327135,1,0.368500,0
2016-08-05,sh.600958,16.3600,16.5000,16.2700,16.3500,16.3400,13538997,221772619.0000,3,0.433088,1,0.061200,0
2016-08-08,sh.600958,16.3500,16.4400,16.2400,16.4300,16.3500,10023231,163947766.0000,3,0.320625,1,0.489300,0
2016-08-09,sh.600958,16.4000,16.5400,16.3600,16.5300,16.4300,13107527,215777403.0000,3,0.419286,1,0.608600,0
2016-08-10,sh.600958,16.5300,16.5900,16.4000,16.4100,16.5300,15041889,247832292.0000,3,0.481163,1,-0.726000,0
2016-08-11,sh.600958,16.4100,16.6500,16.3600,16.3900,16.4100,20534459,339066288.0000,3,0.656860,1,-0.121900,0
2016-08-12,sh.600958,16.2900,16.6500,16.2500,16.5900,16.3900,25567119,420107296.0000,3,0.817846,1,1.220300,0
2016-08-15,sh.600958,16.6000,17.8800,16.5800,17.3200,16.5900,85940837,1484904512.0000,3,2.749091,1,4.400200,0
2016-08-16,sh.600958,17.1800,17.3500,17.0400,17.0800,17.3200,36543205,626404048.0000,3,1.168951,1,-1.385700,0
2016-08-17,sh.600958,17.1800,17.2600,16.8800,17.0000,17.0800,32337314,551151632.0000,3,1.034412,1,-0.468400,0
2016-08-18,sh.600958,16.9200,17.0800,16.8200,16.9000,17.0000,18163406,307842368.0000,3,0.581014,1,-0.588200,0
2016-08-19,sh.600958,16.9000,16.9900,16.8400,16.9300,16.9000,13737385,232350152.0000,3,0.439434,1,0.177500,0
2016-08-22,sh.600958,16.9000,16.9800,16.6300,16.6800,16.9300,16543390,277379168.0000,3,0.529193,1,-1.476700,0
2016-08-23,sh.600958,16.6500,16.7900,16.5800,16.6900,16.6800,13504698,225242410.0000,3,0.431991,1,0.060000,0
2016-08-24,sh.600958,16.7100,16.7500,16.5000,16.5900,16.6900,14212788,236440298.0000,3,0.454641,1,-0.599200,0
2016-08-25,sh.600958,16.5500,16.7200,16.4600,16.6300,16.5900,16577035,274877328.0000,3,0.530269,1,0.241100,0
2016-08-26,sh.600958,16.6600,16.7200,16.6000,16.6100,16.6300,9266893,154353570.0000,3,0.296431,1,-0.120300,0
2016-08-29,sh.600958,16.6300,16.6400,16.5200,16.5900,16.6100,8644251,143320985.0000,3,0.276514,1,-0.120400,0
2016-08-30,sh.600958,16.6000,16.7600,16.5300,16.6200,16.5900,12391642,206059445.0000,3,0.396386,1,0.180800,0
2016-08-31,sh.600958,16.6200,16.7400,16.5500,16.6800,16.6200,11883216,197765222.0000,3,0.380122,1,0.361000,0
2016-09-01,sh.600958,16.6500,16.7000,16.4800,16.5300,16.6800,15176612,251476682.0000,3,0.485472,1,-0.899300,0
2016-09-02,sh.600958,16.4800,16.6900,16.4600,16.6200,16.5300,16007359,265539121.0000,3,0.512046,1,0.544500,0
2016-09-05,sh.600958,16.6300,16.7900,16.5600,16.5700,16.6200,13041250,217269005.0000,3,0.417166,1,-0.300849,0
2016-09-06,sh.600958,16.5800,16.7000,16.4400,16.6500,16.5700,11067415,183189042.0000,3,0.354026,1,0.482800,0
2016-09-07,sh.600958,16.6300,16.7000,16.5600,16.5900,16.6500,10898767,181260241.0000,3,0.348632,1,-0.360357,0
2016-09-08,sh.600958,16.5800,16.6600,16.5200,16.6100,16.5900,9019607,149582545.0000,3,0.288521,1,0.120557,0
2016-09-09,sh.600958,16.6500,16.6500,16.4900,16.5800,16.6100,16864978,279572944.0000,3,0.539480,1,-0.180618,0
2016-09-12,sh.600958,16.4000,16.5100,16.2000,16.4900,16.5800,26371239,430703984.0000,3,0.843568,1,-0.542824,0
2016-09-13,sh.600958,16.4400,16.4800,16.2200,16.3800,16.4900,12585838,205427217.0000,3,0.402598,1,-0.667075,0
2016-09-14,sh.600958,16.2600,16.3400,16.1900,16.2600,16.3800,8634627,140341788.0000,3,0.276206,1,-0.732594,0
2016-09-19,sh.600958,16.2600,16.3100,16.2200,16.2700,16.2600,7521019,122245966.0000,3,0.240584,1,0.061502,0
2016-09-20,sh.600958,16.3200,16.3200,16.2200,16.2400,16.2700,4757986,77294540.0000,3,0.152199,1,-0.184393,0
2016-09-21,sh.600958,16.2300,16.3900,16.2000,16.2900,16.2400,8596453,139990722.0000,3,0.274985,1,0.307889,0
2016-09-22,sh.600958,16.4000,16.4100,16.2600,16.2700,16.2900,8849663,144321962.0000,3,0.283085,1,-0.122777,0
2016-09-23,sh.600958,16.2800,16.3000,16.1300,16.1400,16.2700,10289574,166541333.0000,3,0.329145,1,-0.799023,0
2016-09-26,sh.600958,16.1500,16.1500,15.7500,15.7700,16.1400,15695312,250016610.0000,3,0.502064,1,-2.292435,0
2016-09-27,sh.600958,15.7900,15.8600,15.7500,15.8400,15.7700,9279950,146662590.0000,3,0.296849,1,0.443879,0
2016-09-28,sh.600958,15.8300,15.8300,15.7000,15.7200,15.8400,6698928,105514918.0000,3,0.214287,1,-0.757575,0
2016-09-29,sh.600958,15.7200,15.9300,15.7200,15.7700,15.7200,12302454,194693375.0000,3,0.393533,1,0.318067,0
2016-09-30,sh.600958,15.7200,15.8600,15.7200,15.8300,15.7700,7464525,117996399.0000,3,0.238777,1,0.380466,0
2016-10-10,sh.600958,15.9100,15.9700,15.8300,15.9600,15.8300,13259825,211104781.0000,3,0.424158,1,0.821226,0
2016-10-11,sh.600958,15.9600,16.0200,15.9200,15.9800,15.9600,11029806,176119593.0000,3,0.352823,1,0.125310,0
2016-10-12,sh.600958,15.9600,15.9800,15.8600,15.9000,15.9800,8778051,139623349.0000,3,0.280794,1,-0.500625,0
2016-10-13,sh.600958,15.8800,15.9900,15.8800,15.9300,15.9000,11456706,182538104.0000,3,0.366479,1,0.188684,0
2016-10-14,sh.600958,16.0100,16.1000,15.9400,16.0200,15.9300,14564016,233098458.0000,3,0.465876,1,0.564973,0
2016-10-17,sh.600958,16.0100,16.1600,15.8800,15.9400,16.0200,15730077,252492807.0000,3,0.503177,1,-0.499381,0
2016-10-18,sh.600958,15.9000,16.1700,15.9000,16.1600,15.9400,26043549,418789920.0000,3,0.833086,1,1.380177,0
2016-10-19,sh.600958,16.1700,16.1800,15.9400,15.9800,16.1600,15349085,246306607.0000,3,0.490989,1,-1.113863,0
2016-10-20,sh.600958,16.0000,16.0600,15.9200,15.9400,15.9800,10029157,160153927.0000,3,0.320814,1,-0.250313,0
2016-10-21,sh.600958,15.9600,16.1300,15.9000,15.9500,15.9400,18645172,298116432.0000,3,0.596425,1,0.062737,0
2016-10-24,sh.600958,15.9600,16.3800,15.8600,16.1700,15.9500,39550891,639056272.0000,3,1.265161,1,1.379312,0
2016-10-25,sh.600958,16.1600,16.1600,16.0300,16.0700,16.1700,18291277,293956752.0000,3,0.585105,1,-0.618432,0
2016-10-26,sh.600958,16.1000,16.1500,15.9600,15.9900,16.0700,17193754,275884176.0000,3,0.549997,1,-0.497822,0
2016-10-27,sh.600958,15.9600,16.0200,15.9300,16.0000,15.9900,9943620,158865253.0000,3,0.318078,1,0.062541,0
2016-10-28,sh.600958,16.0300,16.4200,16.0100,16.0200,16.0000,32157203,521059968.0000,3,1.028650,1,0.125003,0
2016-10-31,sh.600958,15.9400,15.9800,15.8200,15.9600,16.0200,16481130,261837173.0000,3,0.527201,1,-0.374534,0
2016-11-01,sh.600958,15.9600,16.1400,15.9000,16.0600,15.9600,19168225,307548928.0000,3,0.613157,1,0.626563,0
2016-11-02,sh.600958,16.0000,16.2200,15.9100,15.9500,16.0600,21922953,351833648.0000,3,0.701275,1,-0.684929,0
2016-11-03,sh.600958,15.9500,16.3800,15.8900,16.1800,15.9500,49373554,800856048.0000,3,1.579370,1,1.442009,0
2016-11-04,sh.600958,16.1900,16.3400,16.1000,16.1400,16.1800,24580597,398343488.0000,3,0.786289,1,-0.247225,0
2016-11-07,sh.600958,16.1400,16.1700,16.0300,16.1100,16.1400,16556638,266319286.0000,3,0.529617,1,-0.185866,0
2016-11-08,sh.600958,16.2000,16.3000,16.1000,16.1300,16.1100,19079899,308387104.0000,3,0.610331,1,0.124137,0
2016-11-09,sh.600958,16.1700,16.1700,15.8500,15.9500,16.1300,24778062,396079456.0000,3,0.792605,1,-1.115929,0
2016-11-10,sh.600958,16.0800,16.2500,16.0500,16.1300,15.9500,34027619,549745792.0000,3,1.088482,1,1.128523,0
2016-11-11,sh.600958,16.1000,16.7600,16.0600,16.5800,16.1300,81741512,1344688784.0000,3,2.614762,1,2.789838,0
2016-11-14,sh.600958,16.4500,17.0600,16.4100,16.6700,16.5800,77136387,1292881520.0000,3,2.467453,1,0.542824,0
2016-11-15,sh.600958,16.6100,16.7800,16.4700,16.5800,16.6700,30757355,510257472.0000,3,0.983872,1,-0.539893,0
2016-11-16,sh.600958,16.6300,16.8500,16.5100,16.7600,16.5800,39869345,665428224.0000,3,1.275348,1,1.085647,0
2016-11-17,sh.600958,16.7600,16.7600,16.4400,16.6600,16.7600,35847563,594668032.0000,3,1.146698,1,-0.596661,0
2016-11-18,sh.600958,16.6000,16.6600,16.4300,16.4900,16.6600,23330083,385706992.0000,3,0.746287,1,-1.020409,0
2016-11-21,sh.600958,16.4200,16.7400,16.4100,16.5400,16.4900,30664777,508714960.0000,3,0.980910,1,0.303221,0
2016-11-22,sh.600958,16.5600,16.7500,16.5300,16.6800,16.5400,31140287,518432960.0000,3,0.996121,1,0.846429,0
2016-11-23,sh.600958,16.7100,16.7900,16.4800,16.5300,16.6800,31442872,523039632.0000,3,1.005800,1,-0.899278,0
2016-11-24,sh.600958,16.4800,16.9300,16.4600,16.6100,16.5300,37621723,627386480.0000,3,1.203450,1,0.483968,0
2016-11-25,sh.600958,16.5600,16.7800,16.2900,16.7300,16.6100,31075895,513834128.0000,3,0.994061,1,0.722450,0
2016-11-28,sh.600958,16.8300,16.9000,16.5900,16.6100,16.7300,32740421,546340656.0000,3,1.047306,1,-0.717268,0
2016-11-29,sh.600958,16.5800,16.8000,16.4300,16.7000,16.6100,39807695,661731504.0000,3,1.273376,1,0.541843,0
2016-11-30,sh.600958,16.6200,17.0400,16.5400,17.0100,16.7000,72408407,1216892912.0000,3,2.316213,1,1.856284,0
2016-12-01,sh.600958,16.9400,17.0800,16.8100,17.0500,17.0100,55261230,936673520.0000,3,1.767706,1,0.235150,0
2016-12-02,sh.600958,17.0000,17.0000,16.5800,16.7700,17.0500,49824601,834661424.0000,3,1.593798,1,-1.642222,0
2016-12-05,sh.600958,16.5300,16.6500,16.2000,16.2800,16.7700,41713807,682338352.0000,3,1.334349,1,-2.921883,0
2016-12-06,sh.600958,16.3100,16.3600,16.0600,16.1000,16.2800,24735710,401122656.0000,3,0.791250,1,-1.105653,0
2016-12-07,sh.600958,16.1400,16.1900,16.0200,16.1800,16.1000,17542344,282739872.0000,3,0.561148,1,0.496894,0
2016-12-08,sh.600958,16.2000,16.2000,16.0100,16.0800,16.1800,17519372,281967216.0000,3,0.560413,1,-0.618049,0
2016-12-09,sh.600958,16.0600,16.1700,16.0400,16.0900,16.0800,17633593,284022848.0000,3,0.564067,1,0.062190,0
2016-12-12,sh.600958,16.1000,16.1200,15.7000,15.8600,16.0900,42500214,673255280.0000,3,1.359504,1,-1.429462,0
2016-12-13,sh.600958,15.9500,15.9500,15.7600,15.8600,15.8600,14515884,230136590.0000,3,0.464337,1,0.000000,0
2016-12-14,sh.600958,15.8700,15.8900,15.5200,15.5500,15.8600,18979873,298825904.0000,3,0.607132,1,-1.954599,0
2016-12-15,sh.600958,15.4500,15.6900,15.4100,15.5400,15.5500,21379937,332312992.0000,3,0.683905,1,-0.064310,0
2016-12-16,sh.600958,15.6200,15.6500,15.5200,15.5900,15.5400,12413771,193320930.0000,3,0.397094,1,0.321752,0
2016-12-19,sh.600958,15.6200,15.6200,15.4800,15.5100,15.5900,11672696,181428545.0000,3,0.373388,1,-0.513149,0
2016-12-20,sh.600958,15.6300,15.6300,15.4700,15.5700,15.5100,13345458,207524375.0000,3,0.426897,1,0.386844,0
2016-12-21,sh.600958,15.6400,15.6900,15.5900,15.6300,15.5700,12827750,200558270.0000,3,0.410336,1,0.385359,0
2016-12-22,sh.600958,15.6100,15.6100,15.4700,15.5800,15.6300,10059949,156353592.0000,3,0.321799,1,-0.319899,0
2016-12-23,sh.600958,15.5700,15.5700,15.3700,15.4500,15.5800,12584404,194438153.0000,3,0.402552,1,-0.834404,0
2016-12-26,sh.600958,15.3600,15.5500,15.2700,15.5400,15.4500,14785294,228360325.0000,3,0.472955,1,0.582525,0
2016-12-27,sh.600958,15.5800,15.5900,15.4400,15.4600,15.5400,8028383,124438094.0000,3,0.256813,1,-0.514800,0
2016-12-28,sh.600958,15.4400,15.4800,15.3300,15.3800,15.4600,9678053,148964968.0000,3,0.309583,1,-0.517464,0
2016-12-29,sh.600958,15.4900,15.4900,15.3500,15.3900,15.3800,7373805,113621346.0000,3,0.235875,1,0.065021,0
2016-12-30,sh.600958,15.4900,15.5500,15.3900,15.5300,15.3900,9057679,140001078.0000,3,0.289739,1,0.909678,0
2017-01-03,sh.600958,15.5600,15.6700,15.5100,15.6100,15.5300,10229763,159789590.0000,3,0.327231,1,0.515131,0
2017-01-04,sh.600958,15.6200,15.6500,15.5500,15.6100,15.6100,8653471,135025926.0000,3,0.276809,1,0.000000,0
2017-01-05,sh.600958,15.6200,15.6200,15.4200,15.4500,15.6100,13888394,215180271.0000,3,0.444264,1,-1.024983,0
2017-01-06,sh.600958,15.4500,15.4600,15.2600,15.2700,15.4500,14430820,221311985.0000,3,0.461616,1,-1.165044,0
2017-01-09,sh.600958,15.2100,15.3200,15.2000,15.2600,15.2700,8685359,132520591.0000,3,0.277829,1,-0.065489,0
2017-01-10,sh.600958,15.2800,15.3400,15.2400,15.2400,15.2600,8074953,123447779.0000,3,0.258303,1,-0.131065,0
2017-01-11,sh.600958,15.2300,15.2900,15.1100,15.1400,15.2400,9828852,149220320.0000,3,0.314407,1,-0.656164,0
2017-01-12,sh.600958,15.1100,15.1900,15.0500,15.0600,15.1400,9198402,139088624.0000,3,0.294240,1,-0.528401,0
2017-01-13,sh.600958,15.0500,15.2400,14.9300,15.2100,15.0600,16003325,241733223.0000,3,0.511917,1,0.996013,0
2017-01-16,sh.600958,15.1500,15.5200,14.6200,15.4600,15.2100,48550277,735805792.0000,3,1.553035,1,1.643655,0
2017-01-17,sh.600958,15.2900,15.3000,15.0400,15.2500,15.4600,9247730,140369869.0000,3,0.295818,1,-1.358344,0
2017-01-18,sh.600958,15.1800,15.3100,15.1200,15.1800,15.2500,6676094,101875621.0000,3,0.213556,1,-0.459014,0
2017-01-19,sh.600958,15.0900,15.2700,15.0800,15.1800,15.1800,6330912,96160164.0000,3,0.202514,1,0.000000,0
2017-01-20,sh.600958,15.1600,15.3000,15.1300,15.2400,15.1800,6503334,99144817.0000,3,0.208030,1,0.395253,0
2017-01-23,sh.600958,15.2500,15.3200,15.2100,15.2600,15.2400,6508959,99303736.0000,3,0.208210,1,0.131237,0
2017-01-24,sh.600958,15.2900,15.3100,15.1500,15.1700,15.2600,4757101,72266842.0000,3,0.152171,1,-0.589778,0
2017-01-25,sh.600958,15.1400,15.2000,15.1000,15.1300,15.1700,4961205,75087915.0000,3,0.158700,1,-0.263678,0
2017-01-26,sh.600958,15.1700,15.2200,15.1400,15.2100,15.1300,5244097,79639362.0000,3,0.167749,1,0.528750,0
2017-02-03,sh.600958,15.1800,15.3000,15.1200,15.1500,15.2100,4246441,64462295.0000,3,0.135836,1,-0.394480,0
2017-02-06,sh.600958,15.1500,15.1500,15.1500,15.1500,15.1500,0,0.0000,3,,0,0.000000,0
2017-02-07,sh.600958,15.1500,15.1500,15.1500,15.1500,15.1500,0,0.0000,3,,0,0.000000,0
2017-02-08,sh.600958,15.1500,15.1500,15.1500,15.1500,15.1500,0,0.0000,3,,0,0.000000,0
2017-02-09,sh.600958,15.1500,15.1500,15.1500,15.1500,15.1500,0,0.0000,3,,0,0.000000,0
2017-02-10,sh.600958,15.1500,15.1500,15.1500,15.1500,15.1500,0,0.0000,3,,0,0.000000,0
2017-02-13,sh.600958,15.1500,15.1500,15.1500,15.1500,15.1500,0,0.0000,3,,0,0.000000,0
2017-02-14,sh.600958,15.5000,15.7500,15.3600,15.4100,15.1500,32756516,507570176.0000,3,1.047821,1,1.716173,0
2017-02-15,sh.600958,15.3100,15.4900,15.2300,15.2800,15.4100,16268814,249526841.0000,3,0.520410,1,-0.843609,0
2017-02-16,sh.600958,15.2600,15.5300,15.2000,15.4700,15.2800,19669189,303109040.0000,3,0.629182,1,1.243459,0
2017-02-17,sh.600958,15.5100,15.9300,15.4600,15.5000,15.4700,32460667,509048880.0000,3,1.038358,1,0.193922,0
2017-02-20,sh.600958,15.4300,15.6000,15.3300,15.6000,15.5000,17276641,267015373.0000,3,0.552648,1,0.645164,0
2017-02-21,sh.600958,15.5800,15.7300,15.4600,15.5700,15.6000,20197178,314544864.0000,3,0.646071,1,-0.192312,0
2017-02-22,sh.600958,15.5400,15.5700,15.3800,15.4600,15.5700,16253121,251107675.0000,3,0.519908,1,-0.706485,0
2017-02-23,sh.600958,15.4800,15.4900,15.2800,15.3600,15.4600,12327264,189671313.0000,3,0.394327,1,-0.646833,0
2017-02-24,sh.600958,15.3400,15.4100,15.3100,15.3600,15.3600,10868800,166908709.0000,3,0.347673,1,0.000000,0
2017-02-27,sh.600958,15.3700,15.4100,15.2600,15.2700,15.3600,9911890,151980811.0000,3,0.317063,1,-0.585932,0
2017-02-28,sh.600958,15.2700,15.3600,15.2300,15.2800,15.2700,8207329,125462936.0000,3,0.262538,1,0.065483,0
2017-03-01,sh.600958,15.2700,15.3600,15.2300,15.2800,15.2800,8359300,127918169.0000,3,0.267399,1,0.000000,0
2017-03-02,sh.600958,15.3200,15.5500,15.3000,15.3100,15.2800,14705100,226366682.0000,3,0.470389,1,0.196340,0
2017-03-03,sh.600958,15.2900,15.3000,15.1900,15.2900,15.3100,10367767,157993894.0000,3,0.331646,1,-0.130637,0
2017-03-06,sh.600958,15.2800,15.3900,15.2300,15.3500,15.2900,8441988,129313900.0000,3,0.270044,1,0.392416,0
2017-03-07,sh.600958,15.3800,15.4800,15.3200,15.4000,15.3500,9607412,147844530.0000,3,0.307324,1,0.325728,0
2017-03-08,sh.600958,15.4000,15.4400,15.3300,15.3900,15.4000,8083385,124397171.0000,3,0.258573,1,-0.064930,0
2017-03-09,sh.600958,15.4000,15.4300,15.1900,15.3800,15.3900,9958295,152356621.0000,3,0.318548,1,-0.064979,0
2017-03-10,sh.600958,15.3900,15.4100,15.2100,15.2400,15.3800,9017770,137940758.0000,3,0.288462,1,-0.910275,0
2017-03-13,sh.600958,15.2500,15.2900,15.0800,15.2600,15.2400,10397021,157753198.0000,3,0.332582,1,0.131237,0
2017-03-14,sh.600958,15.2700,15.3000,15.1800,15.2200,15.2600,8673752,132104397.0000,3,0.277458,1,-0.262123,0
2017-03-15,sh.600958,15.2100,15.2400,15.1500,15.2100,15.2200,6814056,103562867.0000,3,0.217969,1,-0.065705,0
2017-03-16,sh.600958,15.2400,15.5200,15.2300,15.5100,15.2100,29354278,453039632.0000,3,0.938990,1,1.972388,0
2017-03-17,sh.600958,15.5500,15.5700,15.2500,15.3000,15.5100,15561377,239426019.0000,3,0.497780,1,-1.353965,0
2017-03-20,sh.600958,15.2200,15.2900,15.0800,15.1500,15.3000,17480336,265042823.0000,3,0.559164,1,-0.980396,0
2017-03-21,sh.600958,15.1300,15.1900,15.0700,15.0800,15.1500,11623812,175587749.0000,3,0.371825,1,-0.462044,0
2017-03-22,sh.600958,14.9800,15.0800,14.9500,14.9500,15.0800,11981846,179739239.0000,3,0.383277,1,-0.862070,0
2017-03-23,sh.600958,14.9500,15.1100,14.8700,14.9300,14.9500,10353260,155220606.0000,3,0.331182,1,-0.133776,0
2017-03-24,sh.600958,14.9200,15.1500,14.8900,15.0600,14.9300,10335661,155159465.0000,3,0.330619,1,0.870731,0
2017-03-27,sh.600958,15.0600,15.1200,14.9900,15.0100,15.0600,7952763,119629854.0000,3,0.254394,1,-0.332007,0
2017-03-28,sh.600958,15.0300,15.0300,14.9000,14.9100,15.0100,6452300,96527731.0000,3,0.206397,1,-0.666225,0
2017-03-29,sh.600958,14.9400,15.0000,14.7700,14.7900,14.9100,10195879,151621071.0000,3,0.326148,1,-0.804828,0
2017-03-30,sh.600958,14.7800,14.8600,14.6600,14.7200,14.7900,12026970,177267496.0000,3,0.384721,1,-0.473291,0
2017-03-31,sh.600958,14.7200,14.7800,14.6700,14.6800,14.7200,8098401,119154384.0000,3,0.259053,1,-0.271739,0
2017-04-05,sh.600958,14.6900,14.9600,14.6800,14.9000,14.6800,12070223,179295396.0000,3,0.386104,1,1.498633,0
2017-04-06,sh.600958,14.9100,14.9500,14.7900,14.8200,14.9000,8095806,120234397.0000,3,0.258970,1,-0.536912,0
2017-04-07,sh.600958,14.8500,14.9400,14.8000,14.8700,14.8200,9762750,145170123.0000,3,0.312293,1,0.337383,0
2017-04-10,sh.600958,14.8800,15.0500,14.8300,14.9400,14.8700,14360637,214475421.0000,3,0.459371,1,0.470744,0
2017-04-11,sh.600958,14.9700,15.0100,14.7700,14.9400,14.9400,11515424,171284717.0000,3,0.368357,1,0.000000,0
2017-04-12,sh.600958,14.9300,15.0600,14.8200,14.9700,14.9400,13181306,196947868.0000,3,0.421646,1,0.200808,0
2017-04-13,sh.600958,14.9100,14.9200,14.8100,14.8400,14.9700,6775582,100655828.0000,3,0.216739,1,-0.868404,0
2017-04-14,sh.600958,14.8500,14.8500,14.7000,14.8300,14.8400,9240651,136437324.0000,3,0.295592,1,-0.067387,0
2017-04-17,sh.600958,14.7800,14.8800,14.6700,14.8500,14.8300,10346598,152863915.0000,3,0.330969,1,0.134865,0
2017-04-18,sh.600958,14.8000,14.8600,14.6000,14.6000,14.8500,8184169,120301139.0000,3,0.261797,1,-1.683502,0
2017-04-19,sh.600958,14.5900,14.5900,14.2700,14.5300,14.6000,13863843,199626319.0000,3,0.443479,1,-0.479457,0
2017-04-20,sh.600958,14.5000,14.5300,14.2400,14.4400,14.5300,10330762,148373104.0000,3,0.330462,1,-0.619409,0
2017-04-21,sh.600958,14.4300,14.6200,14.2800,14.5900,14.4400,11244419,162500579.0000,3,0.359688,1,1.038785,0
2017-04-24,sh.600958,14.5300,14.7600,14.3200,14.7500,14.5900,16238090,236336131.0000,3,0.519427,1,1.096640,0
2017-04-25,sh.600958,14.6500,14.7300,14.6000,14.6200,14.7500,5741958,84104737.0000,3,0.183675,1,-0.881357,0
2017-04-26,sh.600958,14.6200,14.8300,14.5400,14.6500,14.6200,7765606,114086082.0000,3,0.248408,1,0.205197,0
2017-04-27,sh.600958,14.6300,14.6400,14.4100,14.5500,14.6500,8265526,119986726.0000,3,0.264399,1,-0.682590,0
2017-04-28,sh.600958,14.5500,14.5700,14.4300,14.5500,14.5500,6957816,100813995.0000,3,0.222568,1,0.000000,0
2017-05-02,sh.600958,14.5500,14.5600,14.3800,14.3900,14.5500,8419438,121521672.0000,3,0.269322,1,-1.099655,0
2017-05-03,sh.600958,14.3900,14.4600,14.3100,14.4000,14.3900,6529551,93876275.0000,3,0.208868,1,0.069488,0
2017-05-04,sh.600958,14.3600,14.4400,14.2800,14.3900,14.4000,8844631,127046150.0000,3,0.282924,1,-0.069439,0
2017-05-05,sh.600958,14.3300,14.4400,14.0200,14.4200,14.3900,21570793,308097120.0000,3,0.690010,1,0.208476,0
2017-05-08,sh.600958,14.3300,14.5500,14.1300,14.5200,14.4200,20613512,296516048.0000,3,0.659389,1,0.693484,0
2017-05-09,sh.600958,14.3800,14.5500,14.3300,14.5000,14.5200,9860381,142514958.0000,3,0.315416,1,-0.137744,0
2017-05-10,sh.600958,14.4800,14.5300,14.3500,14.4800,14.5000,13768606,198731054.0000,3,0.440433,1,-0.137934,0
2017-05-11,sh.600958,14.3900,14.5200,14.3000,14.4000,14.4800,12201407,175848110.0000,3,0.390301,1,-0.552486,0
2017-05-12,sh.600958,14.3300,14.5900,14.3300,14.3700,14.4000,12144312,175486344.0000,3,0.388474,1,-0.208332,0
2017-05-15,sh.600958,14.3100,14.4500,14.2900,14.3400,14.3700,9378881,134921465.0000,3,0.300013,1,-0.208766,0
2017-05-16,sh.600958,14.3000,14.4100,14.1400,14.3700,14.3400,10912942,155641247.0000,3,0.349085,1,0.209203,0
2017-05-17,sh.600958,14.3500,14.5100,14.2600,14.3000,14.3700,10892511,156780762.0000,3,0.348432,1,-0.487124,0
2017-05-18,sh.600958,14.2400,14.2800,14.1100,14.1200,14.3000,9018481,128116955.0000,3,0.288485,1,-1.258743,0
2017-05-19,sh.600958,14.1300,14.2100,14.1100,14.1500,14.1200,5323058,75314242.0000,3,0.170275,1,0.212463,0
2017-05-22,sh.600958,14.1100,14.1400,13.8000,13.8000,14.1500,10104456,141488835.0000,3,0.323223,1,-2.473494,0
2017-05-23,sh.600958,13.8100,13.8800,13.5400,13.5500,13.8000,11606377,158610351.0000,3,0.371267,1,-1.811594,0
2017-05-24,sh.600958,13.4400,13.5800,13.3600,13.4900,13.5500,8207041,110671067.0000,3,0.262528,1,-0.442808,0
2017-05-25,sh.600958,13.5000,14.0400,13.4100,13.8900,13.4900,19853186,273365760.0000,3,0.635067,1,2.965164,0
2017-05-26,sh.600958,13.7800,14.0300,13.7000,13.8100,13.8900,9051138,125719359.0000,3,0.289529,1,-0.575953,0
2017-05-31,sh.600958,13.9800,14.1100,13.8600,13.8800,13.8100,9851681,137712750.0000,3,0.315137,1,0.506877,0
2017-06-01,sh.600958,13.8700,13.9500,13.8200,13.8600,13.8800,7285208,101237934.0000,3,0.233041,1,-0.144095,0
2017-06-02,sh.600958,13.8300,13.9600,13.7800,13.8900,13.8600,5697499,79073410.0000,3,0.182253,1,0.216455,0
2017-06-05,sh.600958,13.8800,13.9300,13.7600,13.7600,13.8900,6048784,83556925.0000,3,0.193490,1,-0.935926,0
2017-06-06,sh.600958,13.7600,13.8100,13.7000,13.7600,13.7600,5604579,77081638.0000,3,0.179280,1,0.000000,0
2017-06-07,sh.600958,13.7800,14.0000,13.7500,13.9400,13.7600,15041909,208845846.0000,3,0.481163,1,1.308135,0
2017-06-08,sh.600958,13.9300,13.9500,13.8400,13.8600,13.9400,7514540,104351993.0000,3,0.240376,1,-0.573888,0
2017-06-09,sh.600958,13.8600,13.9600,13.8200,13.8700,13.8600,7879306,109428559.0000,3,0.252045,1,0.072152,0
2017-06-12,sh.600958,13.8500,13.8500,13.5100,13.5200,13.8700,10591972,144643522.0000,3,0.338818,1,-2.523428,0
2017-06-13,sh.600958,13.5000,13.6900,13.4700,13.6500,13.5200,6507937,88669989.0000,3,0.208177,1,0.961532,0
2017-06-14,sh.600958,13.6300,13.6700,13.5600,13.6200,13.6500,6442669,87728903.0000,3,0.206089,1,-0.219778,0
2017-06-15,sh.600958,13.6200,13.8000,13.6200,13.7300,13.6200,8914371,122291713.0000,3,0.285154,1,0.807633,0
2017-06-16,sh.600958,13.7100,13.8300,13.6800,13.7000,13.7300,9590944,131738178.0000,3,0.306797,1,-0.218498,0
2017-06-19,sh.600958,13.7000,14.0300,13.6900,13.8900,13.7000,17620749,245025475.0000,3,0.563656,1,1.386865,0
2017-06-20,sh.600958,13.9100,13.9600,13.8400,13.8800,13.8900,9879058,137226393.0000,3,0.316013,1,-0.071996,0
2017-06-21,sh.600958,14.0300,14.1100,13.8300,13.8600,13.8800,10704629,149186885.0000,3,0.342422,1,-0.144095,0
2017-06-22,sh.600958,13.8600,14.1100,13.8400,13.8600,13.8600,17893040,249933802.0000,3,0.572366,1,0.000000,0
2017-06-23,sh.600958,13.8300,13.8500,13.7000,13.7800,13.8600,11896019,163801286.0000,3,0.380532,1,-0.577200,0
2017-06-26,sh.600958,13.8000,14.0400,13.7700,14.0000,13.7800,14742535,205460293.0000,3,0.471587,1,1.596519,0
2017-06-27,sh.600958,14.0500,14.0500,13.9100,13.9600,14.0000,9226618,128753385.0000,3,0.295143,1,-0.285714,0
2017-06-28,sh.600958,13.9100,13.9700,13.8700,13.9000,13.9600,6701838,93252534.0000,3,0.214380,1,-0.429802,0
2017-06-29,sh.600958,13.9000,13.9700,13.8900,13.9300,13.9000,5546894,77257905.0000,3,0.177435,1,0.215832,0
2017-06-30,sh.600958,13.9200,13.9200,13.8300,13.9100,13.9300,5432073,75330998.0000,3,0.173762,1,-0.143578,0
2017-07-03,sh.600958,13.8800,13.9100,13.8300,13.9000,13.9100,6358799,88128343.0000,3,0.203406,1,-0.071892,0
2017-07-04,sh.600958,13.8900,13.9500,13.8500,13.8600,13.9000,4968186,68976177.0000,3,0.158923,1,-0.287770,0
2017-07-05,sh.600958,13.8800,13.9500,13.8400,13.9300,13.8600,6766449,94001896.0000,3,0.216446,1,0.505055,0
2017-07-06,sh.600958,13.9400,13.9600,13.8200,13.8800,13.9300,7082360,98364123.0000,3,0.226552,1,-0.358939,0
2017-07-07,sh.600958,13.8500,14.0900,13.8100,14.0400,13.8800,15341225,214141591.0000,3,0.490738,1,1.152737,0
2017-07-10,sh.600958,14.0600,14.8800,14.0400,14.6000,14.0400,54166699,788060272.0000,3,1.732694,1,3.988607,0
2017-07-11,sh.600958,14.6100,14.9000,14.4900,14.5100,14.6000,35257266,517782640.0000,3,1.127816,1,-0.616439,0
2017-07-12,sh.600958,14.6200,14.6900,14.3600,14.5000,14.5100,19161880,277755952.0000,3,0.612954,1,-0.068920,0
2017-07-13,sh.600958,14.4700,14.8000,14.4500,14.7100,14.5000,21977721,321737536.0000,3,0.703027,1,1.448276,0
2017-07-14,sh.600958,14.7600,14.9700,14.6400,14.7500,14.7100,20998651,310624624.0000,3,0.671709,1,0.271924,0
2017-07-17,sh.600958,14.7400,14.8300,14.1300,14.1500,14.7500,28050022,404803232.0000,3,0.897269,1,-4.067799,0
2017-07-18,sh.600958,14.1500,14.3800,14.0200,14.2700,14.1500,16672331,237064897.0000,3,0.533318,1,0.848063,0
2017-07-19,sh.600958,14.3700,15.7000,14.2300,15.7000,14.2700,123332816,1900807936.0000,3,3.945192,1,10.021020,0
2017-07-20,sh.600958,16.1500,16.4500,16.0500,16.3200,15.7000,168990440,2742905088.0000,3,5.405696,1,3.949044,0
2017-07-21,sh.600958,16.1300,16.2800,15.8900,15.9100,16.3200,80814282,1297959232.0000,3,2.585102,1,-2.512254,0
2017-07-24,sh.600958,15.9000,16.3100,15.9000,16.1600,15.9100,73478274,1185516192.0000,3,2.350436,1,1.571339,0
2017-07-25,sh.600958,16.0800,16.1800,15.8200,16.0600,16.1600,43003179,687225760.0000,3,1.375593,1,-0.618814,0
2017-07-26,sh.600958,16.0000,16.2000,15.7400,16.0000,16.0600,50031091,797957952.0000,3,1.600403,1,-0.373596,0
2017-07-27,sh.600958,15.9700,16.3700,15.7200,16.1600,16.0000,62071717,996686512.0000,3,1.985561,1,0.999999,0
2017-07-28,sh.600958,15.9700,16.0700,15.7500,15.8200,16.1600,36018522,572536960.0000,3,1.152167,1,-2.103961,0
2017-07-31,sh.600958,15.8900,16.5000,15.7600,16.3800,15.8200,82580509,1338286368.0000,3,2.641600,1,3.539820,0
2017-08-01,sh.600958,16.3700,16.8900,16.2000,16.3400,16.3800,115349909,1911256288.0000,3,3.689834,1,-0.244194,0
2017-08-02,sh.600958,16.2000,16.5500,15.8000,16.1400,16.1900,78154086,1265114208.0000,3,2.500007,1,-0.308840,0
2017-08-03,sh.600958,16.0500,16.2500,15.9000,15.9500,16.1400,39168359,629535168.0000,3,1.252924,1,-1.177197,0
2017-08-04,sh.600958,15.8800,16.3700,15.7900,15.9400,15.9500,50054804,806000640.0000,3,1.601162,1,-0.062697,0
2017-08-07,sh.600958,15.7400,15.9400,15.6000,15.8200,15.9400,44094607,694003168.0000,3,1.410506,1,-0.752822,0
2017-08-08,sh.600958,15.7900,16.1400,15.5700,15.9900,15.8200,52482826,833381872.0000,3,1.678830,1,1.074590,0
2017-08-09,sh.600958,15.9000,15.9000,15.6300,15.7300,15.9900,34381625,540560432.0000,3,1.099806,1,-1.626018,0
2017-08-10,sh.600958,15.7000,15.9800,15.3600,15.5500,15.7300,45091595,705297376.0000,3,1.442398,1,-1.144306,0
2017-08-11,sh.600958,15.4000,15.4300,14.7600,14.7800,15.5500,47454013,719185856.0000,3,1.517967,1,-4.951771,0
2017-08-14,sh.600958,14.8700,15.2400,14.7700,15.1500,14.7800,34046960,510886560.0000,3,1.089100,1,2.503382,0
2017-08-15,sh.600958,15.0800,15.2200,14.9000,14.9600,15.1500,23717700,357018944.0000,3,0.758686,1,-1.254123,0
2017-08-16,sh.600958,14.9800,15.2000,14.9200,14.9600,14.9600,23247582,350156560.0000,3,0.743648,1,0.000000,0
2017-08-17,sh.600958,14.9200,15.1900,14.9000,15.1800,14.9600,29421340,443158672.0000,3,0.941135,1,1.470590,0
2017-08-18,sh.600958,15.0900,15.1600,14.9600,15.0000,15.1800,21821265,328130608.0000,3,0.698023,1,-1.185773,0
2017-08-21,sh.600958,15.0600,15.1800,15.0000,15.1600,15.0000,18229456,275213728.0000,3,0.583127,1,1.066666,0
2017-08-22,sh.600958,15.1700,15.3000,14.9800,15.0600,15.1600,23686394,358464656.0000,3,0.757685,1,-0.659627,0
2017-08-23,sh.600958,15.1000,15.4700,14.9800,15.1700,15.0600,32572774,495259840.0000,3,1.041944,1,0.730409,0
2017-08-24,sh.600958,15.1700,15.1800,14.8600,14.8900,15.1700,19954106,299562688.0000,3,0.638296,1,-1.845747,0
2017-08-25,sh.600958,14.9000,15.3200,14.8900,15.2500,14.8900,41238913,625742144.0000,3,1.319158,1,2.417728,0
2017-08-28,sh.600958,15.7200,16.7800,15.6400,16.7800,15.2500,277137056,4621563392.0000,3,8.865110,1,10.032790,0
2017-08-29,sh.600958,16.8800,17.0500,16.6200,16.7500,16.7800,240220000,4048834640.0000,3,7.684200,1,-0.178788,0
2017-08-30,sh.600958,16.7100,17.1900,16.5500,16.7100,16.7500,139617219,2356845712.0000,3,4.466101,1,-0.238811,0
2017-08-31,sh.600958,16.5900,16.8800,16.5800,16.8100,16.7100,85218369,1427075200.0000,3,2.725980,1,0.598446,0
2017-09-01,sh.600958,16.8000,17.0400,16.7400,16.9300,16.8100,88744534,1496882368.0000,3,2.838776,1,0.713866,0
2017-09-04,sh.600958,16.7700,16.8900,16.6000,16.6700,16.9300,63432618,1059393904.0000,3,2.029094,1,-1.535737,0
2017-09-05,sh.600958,16.6900,16.9200,16.6300,16.6700,16.6700,52167339,874256496.0000,3,1.668738,1,0.000000,0
2017-09-06,sh.600958,16.5700,16.6200,16.2600,16.4900,16.6700,52629279,865053680.0000,3,1.683515,1,-1.079786,0
2017-09-07,sh.600958,16.5400,16.7000,16.3100,16.3200,16.4900,46051735,761262288.0000,3,1.473111,1,-1.030928,0
2017-09-08,sh.600958,16.3400,16.4200,16.1800,16.3600,16.3200,37878053,618097664.0000,3,1.211650,1,0.245104,0
2017-09-11,sh.600958,16.2800,16.4800,16.1100,16.3500,16.3600,32459146,529956064.0000,3,1.038309,1,-0.061126,0
2017-09-12,sh.600958,16.4100,16.6800,16.3700,16.4200,16.3500,65173318,1076888298.0000,3,2.084776,1,0.428133,0
2017-09-13,sh.600958,16.4500,16.5700,16.2900,16.5400,16.4200,32721780,537890868.0000,3,1.046710,1,0.730821,0
2017-09-14,sh.600958,16.5500,16.7200,16.4100,16.5800,16.5400,47385444,786669337.0000,3,1.515774,1,0.241832,0
2017-09-15,sh.600958,16.5900,16.7000,16.3600,16.5400,16.5800,41772051,692028498.0000,3,1.336212,1,-0.241249,0
2017-09-18,sh.600958,16.5900,16.8500,16.5300,16.6600,16.5400,63939896,1068598005.0000,3,2.045321,1,0.725507,0
2017-09-19,sh.600958,16.6500,16.6800,16.1200,16.2400,16.6600,42791700,700415974.0000,3,1.368829,1,-2.521009,0
2017-09-20,sh.600958,16.2600,16.5000,16.2500,16.3600,16.2400,29931737,489454732.0000,3,0.957462,1,0.738922,0
2017-09-21,sh.600958,16.3600,16.6500,16.2600,16.2700,16.3600,32517048,535261001.0000,3,1.040161,1,-0.550123,0
2017-09-22,sh.600958,16.2000,16.4100,16.0200,16.3400,16.2700,30633109,496359418.0000,3,0.979897,1,0.430238,0
2017-09-25,sh.600958,16.2700,16.3600,16.1000,16.2800,16.3400,32037610,521116306.0000,3,1.024825,1,-0.367194,0
2017-09-26,sh.600958,16.2000,16.3300,16.1800,16.2200,16.2800,15976175,259583080.0000,3,0.511049,1,-0.368559,0
2017-09-27,sh.600958,16.2700,16.2800,15.9400,15.9500,16.2200,31424103,505655135.0000,3,1.005200,1,-1.664608,0
2017-09-28,sh.600958,15.9800,15.9800,15.7600,15.8300,15.9500,30535944,484007748.0000,3,0.976789,1,-0.752350,0
2017-09-29,sh.600958,15.8700,16.2100,15.8300,16.0600,15.8300,32665331,525348082.0000,3,1.044904,1,1.452935,0
2017-10-09,sh.600958,16.4900,16.5500,16.0700,16.1200,16.0600,28363428,461317341.0000,3,0.907294,1,0.373608,0
2017-10-10,sh.600958,16.0300,16.2200,15.8900,16.1500,16.1200,25820605,414694337.0000,3,0.825954,1,0.186097,0
2017-10-11,sh.600958,16.1000,16.2600,16.0100,16.1200,16.1500,22817422,368875455.0000,3,0.729888,1,-0.185751,0
2017-10-12,sh.600958,16.1300,16.2000,16.0500,16.1500,16.1200,16378333,264058843.0000,3,0.523913,1,0.186097,0
2017-10-13,sh.600958,16.1800,16.1800,16.0100,16.0900,16.1500,18008605,289712247.0000,3,0.576062,1,-0.371514,0
2017-10-16,sh.600958,16.1600,16.2100,15.7500,15.7700,16.0900,32221602,516883087.0000,3,1.030710,1,-1.988811,0
2017-10-17,sh.600958,15.7700,15.8600,15.5500,15.6000,15.7700,19712875,308508236.0000,3,0.630579,1,-1.077997,0
2017-10-18,sh.600958,15.6500,15.9300,15.5500,15.6000,15.6000,22344668,351475328.0000,3,0.714765,1,0.000000,0
2017-10-19,sh.600958,15.6000,15.6900,15.2000,15.2600,15.6000,26916008,413143138.0000,3,0.860994,1,-2.179488,0
2017-10-20,sh.600958,15.2600,15.3600,15.2000,15.3500,15.2600,13511633,206724018.0000,3,0.432213,1,0.589778,0
2017-10-23,sh.600958,15.4000,15.4000,15.2700,15.3600,15.3500,14516120,222624848.0000,3,0.464344,1,0.065142,0
2017-10-24,sh.600958,15.3000,15.6000,15.2800,15.5700,15.3600,26703137,414163586.0000,3,0.854185,1,1.367188,0
2017-10-25,sh.600958,15.5300,15.6900,15.4700,15.5900,15.5700,16508141,257120220.0000,3,0.528065,1,0.128455,0
2017-10-26,sh.600958,15.5700,15.8400,15.4700,15.6500,15.5900,25885686,405783246.0000,3,0.828036,1,0.384859,0
2017-10-27,sh.600958,15.6000,15.7400,15.5500,15.5900,15.6500,16122307,251900329.0000,3,0.515723,1,-0.383383,0
2017-10-30,sh.600958,15.5500,15.5500,15.0100,15.4300,15.5900,34485001,526164757.0000,3,1.103112,1,-1.026298,0
2017-10-31,sh.600958,15.3700,15.3700,15.1500,15.2300,15.4300,17373974,264977739.0000,3,0.555762,1,-1.296181,0
2017-11-01,sh.600958,15.1600,15.4000,15.1600,15.1700,15.2300,25039569,382334006.0000,3,0.800970,1,-0.393956,0
2017-11-02,sh.600958,15.1600,15.6500,15.1300,15.3500,15.1700,33204157,509876926.0000,3,1.062141,1,1.186554,0
2017-11-03,sh.600958,15.3000,15.4400,15.1900,15.4200,15.3500,22842592,350108772.0000,3,0.730693,1,0.456024,0
2017-11-06,sh.600958,15.3700,15.4400,15.1800,15.2800,15.4200,16603324,253317407.0000,3,0.531110,1,-0.907914,0
2017-11-07,sh.600958,15.2900,15.8500,15.2800,15.6700,15.2800,48043945,750690727.0000,3,1.536838,1,2.552358,0
2017-11-08,sh.600958,15.5500,16.5100,15.5500,15.9800,15.6700,73758842,1184705307.0000,3,2.359411,1,1.978299,0
2017-11-09,sh.600958,15.9200,16.2100,15.8800,16.1000,15.9800,32143540,516089876.0000,3,1.028213,1,0.750944,0
2017-11-10,sh.600958,16.2500,16.2800,15.9100,16.1000,16.1000,31527625,507001882.0000,3,1.008511,1,0.000000,0
2017-11-13,sh.600958,16.1900,16.3800,16.0300,16.0900,16.1000,31715437,514051482.0000,3,1.014519,1,-0.062113,0
2017-11-14,sh.600958,16.0000,16.0800,15.7600,15.8400,16.0900,31590596,501262194.0000,3,1.010526,1,-1.553760,0
2017-11-15,sh.600958,15.7800,16.2800,15.7500,15.9200,15.8400,38555392,618045280.0000,3,1.233317,1,0.505050,0
2017-11-16,sh.600958,15.8300,15.8900,15.3200,15.3800,15.9200,32953126,514058135.0000,3,1.054110,1,-3.391959,0
2017-11-17,sh.600958,15.3000,15.7600,15.2200,15.7300,15.3800,47683555,741090584.0000,3,1.525310,1,2.275679,0
2017-11-20,sh.600958,15.5700,15.6200,15.2800,15.5900,15.7300,22347102,345828990.0000,3,0.714843,1,-0.890015,0
2017-11-21,sh.600958,15.5700,16.6100,15.5100,16.2900,15.5900,76212532,1236430614.0000,3,2.437900,1,4.490063,0
2017-11-22,sh.600958,16.2400,16.4700,16.0700,16.2400,16.2900,47112335,765199097.0000,3,1.507038,1,-0.306944,0
2017-11-23,sh.600958,16.1800,16.4500,15.4000,15.5700,16.2400,49023842,783575776.0000,3,1.568183,1,-4.125617,0
2017-11-24,sh.600958,15.4200,15.6400,15.1900,15.6100,15.5700,37378802,576385062.0000,3,1.195680,1,0.256904,0
2017-11-27,sh.600958,15.5000,15.8300,15.3400,15.6400,15.6100,24483489,382108073.0000,3,0.783182,1,0.192189,0
2017-11-28,sh.600958,15.5200,15.7300,15.4200,15.6500,15.6400,17488911,272893802.0000,3,0.559438,1,0.063934,0
2017-11-29,sh.600958,15.7000,15.7000,15.3400,15.6400,15.6500,21722867,337222607.0000,3,0.694875,1,-0.063893,0
2017-11-30,sh.600958,15.5700,15.8500,15.4600,15.6000,15.6400,21934525,343187152.0000,3,0.701646,1,-0.255754,0
2017-12-01,sh.600958,15.5400,15.6100,15.3800,15.5000,15.6000,17672362,273421880.0000,3,0.565307,1,-0.641028,0
2017-12-04,sh.600958,15.4200,15.4800,15.0800,15.3500,15.5000,26108449,398393795.0000,3,0.835162,1,-0.967739,0
2017-12-05,sh.600958,15.2900,15.8000,15.2500,15.6700,15.3500,56506681,880253703.0000,3,1.807546,1,2.084688,0
2017-12-06,sh.600958,15.6100,15.7900,15.4900,15.7700,15.6700,17515077,273937698.0000,3,0.560275,1,0.638165,0
2017-12-07,sh.600958,15.7500,15.8300,15.5300,15.7600,15.7700,13377660,209738047.0000,3,0.427927,1,-0.063413,0
2017-12-08,sh.600958,15.7000,15.8100,15.6100,15.6200,15.7600,9640932,151381619.0000,3,0.308396,1,-0.888327,0
2017-12-11,sh.600958,15.5700,15.6700,15.3600,15.4700,15.6200,18008959,278770578.0000,3,0.576074,1,-0.960305,0
2017-12-12,sh.600958,15.4200,15.4500,15.2600,15.2900,15.4700,10669468,163895270.0000,3,0.341297,1,-1.163544,0
2017-12-13,sh.600958,15.3000,15.4100,15.2400,15.3700,15.2900,8113007,124459310.0000,3,0.259520,1,0.523217,0
2017-12-14,sh.600958,15.3700,15.4000,15.0700,15.1100,15.3700,15128066,229642467.0000,3,0.483919,1,-1.691609,0
2017-12-15,sh.600958,15.0600,15.1600,14.5100,14.6800,15.1100,24261401,358054977.0000,3,0.776078,1,-2.845793,0
2017-12-18,sh.600958,14.6100,14.7100,14.2300,14.4700,14.6800,15051556,217477144.0000,3,0.481472,1,-1.430518,0
2017-12-19,sh.600958,14.4600,14.5900,14.4100,14.4800,14.4700,9212879,133463254.0000,3,0.294703,1,0.069103,0
2017-12-20,sh.600958,14.4800,14.4800,14.0600,14.4300,14.4800,20017721,284930914.0000,3,0.640330,1,-0.345299,0
2017-12-21,sh.600958,14.3400,14.4900,14.1600,14.3500,14.4300,12648852,181553542.0000,3,0.404614,1,-0.554400,0
2017-12-22,sh.600958,14.3900,14.3900,14.0800,14.1300,14.3500,16063862,228087494.0000,3,0.513854,1,-1.533103,0
2017-12-25,sh.600958,14.1500,14.2000,13.8000,13.8600,14.1300,19412572,271561941.0000,3,0.620973,1,-1.910831,0
2017-12-26,sh.600958,13.8900,13.9600,13.8100,13.9400,13.8600,14111526,195653439.0000,3,0.451402,1,0.577200,0
2017-12-27,sh.600958,13.9100,13.9200,13.5500,13.6800,13.9400,21896084,299303039.0000,3,0.700416,1,-1.865131,0
2017-12-28,sh.600958,13.6700,13.9800,13.5800,13.8000,13.6800,17199494,237049305.0000,3,0.550180,1,0.877192,0
2017-12-29,sh.600958,13.7900,13.9600,13.6500,13.8600,13.8000,11146413,153301095.0000,3,0.356553,1,0.434779,0
2018-01-02,sh.600958,13.9100,14.0800,13.8100,13.9900,13.8600,20602551,287632687.0000,3,0.659038,1,0.937952,0
2018-01-03,sh.600958,13.9600,14.4200,13.9000,14.3000,13.9900,32534177,463539937.0000,3,1.040709,1,2.215872,0
2018-01-04,sh.600958,14.2600,14.3000,14.1200,14.2000,14.3000,13903921,197139738.0000,3,0.444761,1,-0.699303,0
2018-01-05,sh.600958,14.1900,14.3600,14.1300,14.1900,14.2000,16809537,238896860.0000,3,0.537706,1,-0.070424,0
2018-01-08,sh.600958,14.1500,14.6200,14.1200,14.3500,14.1900,30014949,431956505.0000,3,0.960124,1,1.127560,0
2018-01-09,sh.600958,14.3100,14.3800,14.1200,14.1700,14.3500,12711152,180744795.0000,3,0.406607,1,-1.254357,0
2018-01-10,sh.600958,14.1700,14.2800,13.9000,13.9600,14.1700,16617900,233535434.0000,3,0.531576,1,-1.482005,0
2018-01-11,sh.600958,13.9200,14.0800,13.9200,14.0100,13.9600,12644628,176837620.0000,3,0.404479,1,0.358168,0
2018-01-12,sh.600958,14.0200,14.1400,13.9300,13.9700,14.0100,10376316,145249952.0000,3,0.331919,1,-0.285510,0
2018-01-15,sh.600958,13.9600,13.9700,13.6300,13.7000,13.9700,19473008,267962343.0000,3,0.622906,1,-1.932716,0
2018-01-16,sh.600958,13.7600,14.0800,13.7000,14.0600,13.7000,12671042,175372957.0000,3,0.405324,1,2.627742,0
2018-01-17,sh.600958,14.2300,14.8400,14.2300,14.4200,14.0600,53466187,779264360.0000,3,1.710286,1,2.560453,0
2018-01-18,sh.600958,14.3800,14.6300,14.1900,14.3800,14.4200,25402382,365698966.0000,3,0.812576,1,-0.277392,0
2018-01-19,sh.600958,14.3800,15.2600,14.3200,14.9500,14.3800,61778038,916741432.0000,3,1.976167,1,3.963837,0
2018-01-22,sh.600958,14.8100,15.1600,14.7200,14.9300,14.9500,28450294,423994757.0000,3,0.910073,1,-0.133776,0
2018-01-23,sh.600958,14.8600,15.1500,14.8100,15.0200,14.9300,23559509,353195367.0000,3,0.753626,1,0.602814,0
2018-01-24,sh.600958,15.0300,15.4200,14.8700,15.3400,15.0200,43268692,659613767.0000,3,1.384087,1,2.130491,0
2018-01-25,sh.600958,15.2000,15.3100,15.0800,15.1200,15.3400,22860412,347007721.0000,3,0.731263,1,-1.434161,0
2018-01-26,sh.600958,14.9400,15.2000,14.8700,14.9400,15.1200,21904548,328884299.0000,3,0.700687,1,-1.190478,0
2018-01-29,sh.600958,15.1500,15.4000,14.8100,14.8900,14.9400,38509257,582700693.0000,3,1.231841,1,-0.334667,0
2018-01-30,sh.600958,14.8100,15.0600,14.6900,14.8300,14.8900,24638255,366550149.0000,3,0.788133,1,-0.402958,0
2018-01-31,sh.600958,14.7400,14.8200,14.3500,14.5100,14.8300,21600675,315402309.0000,3,0.690966,1,-2.157786,0
2018-02-01,sh.600958,14.4100,14.7600,14.3400,14.7400,14.5100,31238952,455139464.0000,3,0.999277,1,1.585110,0
2018-02-02,sh.600958,14.6300,14.8400,14.4000,14.7200,14.7400,15464476,225961234.0000,3,0.494680,1,-0.135682,0
2018-02-05,sh.600958,14.4900,14.8500,14.4300,14.8200,14.7200,14534198,213089489.0000,3,0.464923,1,0.679344,0
2018-02-06,sh.600958,14.5200,14.8500,14.4300,14.7900,14.8200,45612936,668871094.0000,3,1.459075,1,-0.202427,0
2018-02-07,sh.600958,14.9300,15.0500,14.4900,14.7600,14.7900,25938179,382213484.0000,3,0.829715,1,-0.202838,0
2018-02-08,sh.600958,14.6000,14.8000,13.8500,14.2400,14.7600,26563077,378793724.0000,3,0.849704,1,-3.523038,0
2018-02-09,sh.600958,13.8000,13.9400,12.9800,13.6700,14.2400,34804030,464617282.0000,3,1.113318,1,-4.002807,0
2018-02-12,sh.600958,13.5000,13.6000,13.2100,13.3100,13.6700,16359429,218913140.0000,3,0.523308,1,-2.633502,0
2018-02-13,sh.600958,13.4600,13.4900,13.2200,13.2400,13.3100,11863330,158547857.0000,3,0.379486,1,-0.525925,0
2018-02-14,sh.600958,13.2400,13.3000,13.0000,13.1400,13.2400,11265939,147624654.0000,3,0.358999,1,-0.755283,0
2018-02-22,sh.600958,13.2300,13.3400,13.0300,13.1400,13.1400,19834622,261091426.0000,3,0.632047,1,0.000000,0
2018-02-23,sh.600958,13.1500,13.3100,13.1000,13.2300,13.1400,11500503,152106281.0000,3,0.366473,1,0.684932,0
2018-02-26,sh.600958,13.3000,13.6000,13.2100,13.5200,13.2300,18719126,251200617.0000,3,0.596501,1,2.191995,0
2018-02-27,sh.600958,13.4800,13.5400,13.3600,13.5000,13.5200,15844562,213048848.0000,3,0.504901,1,-0.147932,0
2018-02-28,sh.600958,13.3600,13.7800,13.2500,13.4200,13.5000,15271703,204692189.0000,3,0.486646,1,-0.592592,0
2018-03-01,sh.600958,13.3500,13.4800,13.2800,13.4500,13.4200,10553739,141593308.0000,3,0.336304,1,0.223545,0
2018-03-02,sh.600958,13.3500,13.4900,13.2600,13.2800,13.4500,9768631,130472274.0000,3,0.311286,1,-1.263941,0
2018-03-05,sh.600958,13.2700,13.4000,13.2200,13.3400,13.2800,8013475,106654357.0000,3,0.255356,1,0.451810,0
2018-03-06,sh.600958,13.3600,13.5900,13.3600,13.5400,13.3400,13876258,186972798.0000,3,0.442179,1,1.499249,0
2018-03-07,sh.600958,13.5100,13.6000,13.3300,13.4800,13.5400,10200660,137515100.0000,3,0.325053,1,-0.443134,0
2018-03-08,sh.600958,13.3800,13.4500,13.3300,13.4000,13.4800,7455454,99793401.0000,3,0.237574,1,-0.593471,0
2018-03-09,sh.600958,13.4000,13.6300,13.3600,13.5800,13.4000,15681804,211915047.0000,3,0.499714,1,1.343286,0
2018-03-12,sh.600958,13.5900,13.7500,13.5000,13.6800,13.5800,20967848,285739426.0000,3,0.668158,1,0.736380,0
2018-03-13,sh.600958,13.6400,13.6400,13.4800,13.5500,13.6800,10402889,140923606.0000,3,0.331497,1,-0.950293,0
2018-03-14,sh.600958,13.4900,13.5900,13.3500,13.3600,13.5500,9193099,123832228.0000,3,0.292946,1,-1.402218,0
2018-03-15,sh.600958,13.3500,13.4400,13.2300,13.3300,13.3600,8274155,110304504.0000,3,0.263663,1,-0.224549,0
2018-03-16,sh.600958,13.3900,13.4100,13.2500,13.2900,13.3300,8491309,113037016.0000,3,0.270583,1,-0.300075,0
2018-03-19,sh.600958,13.2200,13.3000,13.1100,13.2400,13.2900,9649156,127483739.0000,3,0.307479,1,-0.376224,0
2018-03-20,sh.600958,13.1800,13.1900,13.0200,13.0700,13.2400,8224828,107650797.0000,3,0.262091,1,-1.283989,0
2018-03-21,sh.600958,13.1400,13.4400,13.0900,13.1500,13.0700,15053179,199766084.0000,3,0.479682,1,0.612088,0
2018-03-22,sh.600958,13.1200,13.3000,13.1100,13.1300,13.1500,9188873,121235578.0000,3,0.292811,1,-0.152087,0
2018-03-23,sh.600958,12.8500,12.9700,12.0300,12.1200,13.1300,19496094,244683384.0000,3,0.377219,1,-7.692309,0
2018-03-26,sh.600958,12.1200,12.2000,11.8100,12.1700,12.1200,12702880,152695521.0000,3,0.245781,1,0.412543,0
2018-03-27,sh.600958,12.3500,12.4200,12.2400,12.3400,12.1700,13118024,161569466.0000,3,0.253813,1,1.396878,0
2018-03-28,sh.600958,12.2100,12.4100,12.1500,12.2000,12.3400,10402109,127445988.0000,3,0.201265,1,-1.134525,0
2018-03-29,sh.600958,12.2600,12.4800,12.1900,12.4400,12.2000,19058488,235940609.0000,3,0.368752,1,1.967211,0
2018-03-30,sh.600958,12.5000,12.5400,12.3300,12.4100,12.4400,13036743,161773627.0000,3,0.252241,1,-0.241155,0
2018-04-02,sh.600958,12.4700,12.7900,12.3300,12.4100,12.4100,21029053,263602402.0000,3,0.406880,1,0.000000,0
2018-04-03,sh.600958,12.3000,12.5400,12.1600,12.3600,12.4100,15465769,190983915.0000,3,0.299239,1,-0.402902,0
2018-04-04,sh.600958,12.3900,12.6200,12.2800,12.2900,12.3600,11269788,140405062.0000,3,0.218053,1,-0.566341,0
2018-04-09,sh.600958,12.2600,12.5400,12.1900,12.4600,12.2900,13740458,170624681.0000,3,0.265857,1,1.383239,0
2018-04-10,sh.600958,12.5000,12.6600,12.4100,12.6200,12.4600,12569386,157910586.0000,3,0.243198,1,1.284108,0
2018-04-11,sh.600958,12.6500,12.6600,12.5000,12.5400,12.6200,9131313,114694048.0000,3,0.176677,1,-0.633914,0
2018-04-12,sh.600958,12.4500,12.6000,12.3900,12.4800,12.5400,9865616,123260034.0000,3,0.190884,1,-0.478472,0
2018-04-13,sh.600958,12.5100,12.5500,12.2200,12.2300,12.4800,10318682,127498942.0000,3,0.199651,1,-2.003205,0
2018-04-16,sh.600958,12.2000,12.2900,11.9400,11.9600,12.2300,11312660,136951531.0000,3,0.218882,1,-2.207682,0
2018-04-17,sh.600958,12.0000,12.2200,11.9500,11.9600,11.9600,11770064,142260588.0000,3,0.227733,1,0.000000,0
2018-04-18,sh.600958,12.1000,12.2000,11.9500,12.0600,11.9600,10795885,130085976.0000,3,0.208884,1,0.836124,0
2018-04-19,sh.600958,12.0900,12.2100,12.0200,12.0600,12.0600,10635565,128723526.0000,3,0.205782,1,0.000000,0
2018-04-20,sh.600958,12.0500,12.0800,11.5600,11.5800,12.0600,14095366,166631114.0000,3,0.272724,1,-3.980103,0
2018-04-23,sh.600958,11.6100,11.8900,11.6000,11.8700,11.5800,10961512,129172516.0000,3,0.212088,1,2.504318,0
2018-04-24,sh.600958,11.8700,12.1600,11.8700,12.1200,11.8700,12609999,152403326.0000,3,0.243984,1,2.106150,0
2018-04-25,sh.600958,12.1200,12.2100,12.0400,12.1000,12.1200,9981177,121142868.0000,3,0.193120,1,-0.165012,0
2018-04-26,sh.600958,12.0700,12.1900,11.8700,11.8900,12.1000,7532100,90561288.0000,3,0.145734,1,-1.735538,0
2018-04-27,sh.600958,11.9400,12.2200,11.9300,12.1600,11.8900,10436435,126344300.0000,3,0.201929,1,2.270812,0
2018-05-02,sh.600958,12.3500,12.4800,11.8700,12.0100,12.1600,16349402,198844893.0000,3,0.316336,1,-1.233549,0
2018-05-03,sh.600958,11.9200,12.3500,11.9200,12.2900,12.0100,21022589,256722722.0000,3,0.406755,1,2.331388,0
2018-05-04,sh.600958,12.2100,12.3000,12.1300,12.2000,12.2900,10909376,133094407.0000,3,0.211080,1,-0.732304,0
2018-05-07,sh.600958,12.2100,12.3400,12.2100,12.3100,12.2000,13691120,168156253.0000,3,0.264902,1,0.901644,0
2018-05-08,sh.600958,12.2900,12.3400,12.2300,12.3100,12.3100,11025927,135414731.0000,3,0.213335,1,0.000000,0
2018-05-09,sh.600958,12.2100,12.2100,12.0200,12.0500,12.3100,13060567,157876370.0000,3,0.252702,1,-2.112106,0
2018-05-10,sh.600958,12.0800,12.1500,12.0300,12.1200,12.0500,6912263,83501531.0000,3,0.133742,1,0.580910,0
2018-05-11,sh.600958,12.1600,12.1700,11.9800,11.9900,12.1200,6355541,76651034.0000,3,0.122970,1,-1.072608,0
2018-05-14,sh.600958,11.9800,12.0900,11.9700,12.0100,11.9900,5965452,71770109.0000,3,0.115422,1,0.166809,0
2018-05-15,sh.600958,12.0200,12.0600,11.8000,11.9700,12.0100,7239717,86382097.0000,3,0.140077,1,-0.333056,0
2018-05-16,sh.600958,11.9300,11.9900,11.8500,11.8600,11.9700,5966244,71133903.0000,3,0.115438,1,-0.918969,0
2018-05-17,sh.600958,11.8700,11.9200,11.7500,11.7600,11.8600,6797790,80341231.0000,3,0.131527,1,-0.843166,0
2018-05-18,sh.600958,11.7600,11.8600,11.7100,11.8500,11.7600,7012128,82599160.0000,3,0.135674,1,0.765307,0
2018-05-21,sh.600958,11.8900,12.0200,11.8900,11.9400,11.8500,10150787,121279682.0000,3,0.195645,1,0.759487,0
2018-05-22,sh.600958,11.9500,11.9600,11.8600,11.9400,11.9400,5753310,68479646.0000,3,0.110889,1,0.000000,0
2018-05-23,sh.600958,11.9400,11.9400,11.7600,11.7700,11.9400,6015900,71277428.0000,3,0.115950,1,-1.423778,0
2018-05-24,sh.600958,11.7700,11.8600,11.7300,11.7500,11.7700,5065404,59667849.0000,3,0.097630,1,-0.169927,0
2018-05-25,sh.600958,11.7200,11.7900,11.6000,11.6200,11.7500,7044799,82273979.0000,3,0.135781,1,-1.106384,0
2018-05-28,sh.600958,11.6000,11.7000,11.5800,11.6300,11.6200,5594327,65123177.0000,3,0.107824,1,0.086060,0
2018-05-29,sh.600958,11.6500,11.6700,11.3700,11.3800,11.6300,8035800,92470379.0000,3,0.154881,1,-2.149613,0
2018-05-30,sh.600958,11.3200,11.3200,10.6600,10.7400,11.3800,14654949,161060006.0000,3,0.282458,1,-5.623905,0
2018-05-31,sh.600958,10.8400,10.8900,10.7000,10.7700,10.7400,11813721,127231393.0000,3,0.227696,1,0.279336,0
2018-06-01,sh.600958,10.7700,10.9700,10.5700,10.7100,10.7700,14195375,152656721.0000,3,0.273600,1,-0.557107,0
2018-06-04,sh.600958,10.7200,10.7900,10.5200,10.5600,10.7100,10362001,110457216.0000,3,0.199716,1,-1.400557,0
2018-06-05,sh.600958,10.5800,10.6700,10.4900,10.6600,10.5600,8616584,91126433.0000,3,0.166075,1,0.946964,0
2018-06-06,sh.600958,10.5800,10.7800,10.5000,10.6800,10.6600,9448693,100373445.0000,3,0.182113,1,0.187622,0
2018-06-07,sh.600958,10.7000,10.8900,10.6100,10.7500,10.6800,15003266,161623075.0000,3,0.289171,1,0.655428,0
2018-06-08,sh.600958,10.7400,10.7400,10.5600,10.5700,10.7500,12752325,135262992.0000,3,0.245787,1,-1.674422,0
2018-06-11,sh.600958,10.5700,10.7500,10.4700,10.6700,10.5700,10537343,112178932.0000,3,0.203095,1,0.946077,0
2018-06-12,sh.600958,10.6800,10.8200,10.5600,10.8100,10.6700,8111862,87055876.0000,3,0.156347,1,1.312093,0
2018-06-13,sh.600958,10.7500,10.8400,10.6600,10.6700,10.8100,6703943,72112688.0000,3,0.129211,1,-1.295100,0
2018-06-14,sh.600958,10.5900,10.8400,10.5800,10.7200,10.6700,7197980,77317572.0000,3,0.138733,1,0.468605,0
2018-06-15,sh.600958,10.6600,10.8100,10.4300,10.4700,10.7200,10110095,107180434.0000,3,0.194861,1,-2.332089,0
2018-06-19,sh.600958,10.3700,10.4500,9.4200,9.4300,10.4700,23797007,231718274.0000,3,0.458660,1,-9.933142,0
2018-06-20,sh.600958,9.4300,9.5500,9.0100,9.2500,9.4300,19807880,183656199.0000,3,0.381774,1,-1.908805,0
2018-06-21,sh.600958,9.2000,9.2400,8.8500,8.9300,9.2500,16074603,145791552.0000,3,0.309820,1,-3.459456,0
2018-06-22,sh.600958,8.8200,9.0400,8.7900,9.0200,8.9300,13218896,118495359.0000,3,0.254779,1,1.007840,0
2018-06-25,sh.600958,9.1100,9.1200,8.8200,8.9300,9.0200,14051621,125515000.0000,3,0.270829,1,-0.997784,0
2018-06-26,sh.600958,8.8300,9.0400,8.7100,8.9800,8.9300,12210286,109050739.0000,3,0.235339,1,0.559902,0
2018-06-27,sh.600958,8.9600,9.0200,8.8900,8.9300,8.9800,9180855,82113317.0000,3,0.176951,1,-0.556784,0
2018-06-28,sh.600958,8.9200,9.2200,8.9100,9.0200,8.9300,15843529,143578248.0000,3,0.305366,1,1.007840,0
2018-06-29,sh.600958,9.0400,9.1900,8.9700,9.1300,9.0200,13804629,125394400.0000,3,0.266069,1,1.219508,0
2018-07-02,sh.600958,9.1500,9.1500,8.7500,8.9200,9.1300,11659845,104577532.0000,3,0.224730,1,-2.300110,0
2018-07-03,sh.600958,8.8800,8.9800,8.7600,8.9600,8.9200,12366311,110017742.0000,3,0.238347,1,0.448430,0
2018-07-04,sh.600958,8.9200,8.9700,8.8600,8.9100,8.9600,7950788,70833694.0000,3,0.153242,1,-0.558038,0
2018-07-05,sh.600958,8.8800,9.0200,8.6100,8.9000,8.9100,12378032,109409415.0000,3,0.238573,1,-0.112236,0
2018-07-06,sh.600958,8.8400,9.0800,8.6500,8.9300,8.9000,12746749,113272566.0000,3,0.245679,1,0.337086,0
2018-07-09,sh.600958,8.8900,9.0800,8.8900,9.0700,8.9300,12792942,115362836.0000,3,0.246569,1,1.567742,0
2018-07-10,sh.600958,8.9100,8.9200,8.7300,8.8000,8.8700,9173100,80821583.0000,3,0.176801,1,-0.789174,0
2018-07-11,sh.600958,8.6900,8.6900,8.1300,8.2700,8.8000,16219812,135766617.0000,3,0.312619,1,-6.022724,0
2018-07-12,sh.600958,8.2700,8.5900,8.2500,8.5300,8.2700,15281119,129315573.0000,3,0.294526,1,3.143885,0
2018-07-13,sh.600958,8.5600,8.6900,8.5000,8.6500,8.5300,13278530,114412609.0000,3,0.255929,1,1.406798,0
2018-07-16,sh.600958,8.6900,8.8400,8.6000,8.6800,8.6500,10746449,93612405.0000,3,0.207126,1,0.346829,0
2018-07-17,sh.600958,8.6800,8.8500,8.6700,8.7700,8.6800,8235443,72161248.0000,3,0.158729,1,1.036868,0
2018-07-18,sh.600958,8.7400,8.8700,8.7000,8.7200,8.7700,6655004,58482430.0000,3,0.128268,1,-0.570128,0
2018-07-19,sh.600958,8.7200,8.7600,8.4800,8.5400,8.7200,8693200,74663027.0000,3,0.167552,1,-2.064224,0
2018-07-20,sh.600958,8.5500,8.8800,8.5100,8.8200,8.5400,14644382,127954797.0000,3,0.282254,1,3.278685,0
2018-07-23,sh.600958,8.8200,9.0400,8.7300,8.9900,8.8200,15722227,139807014.0000,3,0.303028,1,1.927439,0
2018-07-24,sh.600958,8.9900,9.3300,8.9900,9.1800,8.9900,20882307,191815436.0000,3,0.402483,1,2.113465,0
2018-07-25,sh.600958,9.2000,9.2100,9.0700,9.1000,9.1800,9595063,87444970.0000,3,0.184934,1,-0.871459,0
2018-07-26,sh.600958,9.1300,9.1800,9.0600,9.0900,9.1000,9098923,82849705.0000,3,0.175371,1,-0.109893,0
2018-07-27,sh.600958,9.1000,9.1300,8.9400,8.9500,9.0900,7629275,68586345.0000,3,0.147046,1,-1.540158,0
2018-07-30,sh.600958,8.9500,9.1800,8.9300,8.9400,8.9500,9346749,84506391.0000,3,0.180148,1,-0.111734,0
2018-07-31,sh.600958,8.9100,9.2400,8.8900,9.1300,8.9400,12679485,115462533.0000,3,0.244383,1,2.125286,0
2018-08-01,sh.600958,9.1500,9.1700,8.7900,8.8300,9.1300,13108519,117614158.0000,3,0.252652,1,-3.285873,0
2018-08-02,sh.600958,8.7200,8.8300,8.3600,8.5300,8.8300,11415836,97816155.0000,3,0.220027,1,-3.397511,0
2018-08-03,sh.600958,8.4900,8.5600,8.3500,8.3700,8.5300,7239769,60977148.0000,3,0.139538,1,-1.875731,0
2018-08-06,sh.600958,8.1100,8.2700,8.0100,8.0200,8.3700,13257950,107578458.0000,3,0.255532,1,-4.181594,0
2018-08-07,sh.600958,8.0600,8.2800,8.0300,8.2500,8.0200,9726155,79507971.0000,3,0.187461,1,2.867825,0
2018-08-08,sh.600958,8.2500,8.2700,8.1600,8.1700,8.2500,6120280,50318662.0000,3,0.117961,1,-0.969696,0
2018-08-09,sh.600958,8.1500,8.4300,8.1100,8.3100,8.1700,9295399,77337317.0000,3,0.179158,1,1.713591,0
2018-08-10,sh.600958,8.2800,8.3500,8.2200,8.3400,8.3100,4927351,40886618.0000,3,0.094969,1,0.361008,0
2018-08-13,sh.600958,8.2300,8.5200,8.1900,8.4800,8.3400,8847219,74077046.0000,3,0.170520,1,1.678650,0
2018-08-14,sh.600958,8.4300,8.4700,8.3400,8.3800,8.4800,5951003,49908621.0000,3,0.114699,1,-1.179239,0
2018-08-15,sh.600958,8.3800,8.4000,8.1600,8.1700,8.3800,6758955,55865833.0000,3,0.130271,1,-2.505967,0
2018-08-16,sh.600958,8.1500,8.5900,8.0100,8.3100,8.1700,11412969,94926895.0000,3,0.219972,1,1.713591,0
2018-08-17,sh.600958,8.3500,8.4300,8.1400,8.1700,8.3100,7361095,61230862.0000,3,0.141877,1,-1.684721,0
2018-08-20,sh.600958,8.1500,8.3800,8.1200,8.3800,8.1700,7715428,64031976.0000,3,0.148706,1,2.570380,0
2018-08-21,sh.600958,8.4500,8.4800,8.3500,8.4500,8.3800,7594733,64052111.0000,3,0.146380,1,0.835319,0
2018-08-22,sh.600958,8.4500,8.5300,8.3900,8.4400,8.4500,7570962,64157754.0000,3,0.145922,1,-0.118346,0
2018-08-23,sh.600958,8.4400,8.6600,8.4200,8.5800,8.4400,10458354,89563822.0000,3,0.201573,1,1.658772,0
2018-08-24,sh.600958,8.5400,8.7500,8.5100,8.6400,8.5800,8682953,74959719.0000,3,0.167354,1,0.699306,0
2018-08-27,sh.600958,8.6700,8.8500,8.6600,8.8100,8.6400,9533600,83677352.0000,3,0.183749,1,1.967593,0
2018-08-28,sh.600958,8.7900,8.9200,8.7100,8.7700,8.8100,8144066,71532670.0000,3,0.156968,1,-0.454029,0
2018-08-29,sh.600958,8.7800,8.8200,8.6700,8.7300,8.7700,4634851,40471097.0000,3,0.089332,1,-0.456111,0
2018-08-30,sh.600958,8.6800,8.8000,8.6700,8.7200,8.7300,5976248,52259613.0000,3,0.115185,1,-0.114539,0
2018-08-31,sh.600958,8.7800,8.8500,8.6500,8.7800,8.7200,8124652,71095174.0000,3,0.156593,1,0.688067,0
2018-09-03,sh.600958,8.7000,8.8600,8.5200,8.6300,8.7800,9132454,79355749.0000,3,0.176018,1,-1.708424,0
2018-09-04,sh.600958,8.6300,8.8000,8.6000,8.7800,8.6300,6583179,57395042.0000,3,0.126883,1,1.738118,0
2018-09-05,sh.600958,8.8000,8.8400,8.7100,8.7100,8.7800,5089710,44684571.0000,3,0.098098,1,-0.797263,0
2018-09-06,sh.600958,8.6500,8.7700,8.5600,8.6400,8.7100,6154380,53263297.0000,3,0.118619,1,-0.803670,0
2018-09-07,sh.600958,8.6000,8.9300,8.6000,8.8300,8.6400,8810572,77427841.0000,3,0.169814,1,2.199069,0
2018-09-10,sh.600958,8.7900,8.8100,8.4000,8.4100,8.8300,10992783,94193165.0000,3,0.211873,1,-4.756513,0
2018-09-11,sh.600958,8.4100,8.6100,8.4000,8.5700,8.4100,9615198,81949060.0000,3,0.185322,1,1.902495,0
2018-09-12,sh.600958,8.6000,8.8300,8.5700,8.7600,8.5700,8595180,75080965.0000,3,0.165662,1,2.217042,0
2018-09-13,sh.600958,8.8400,8.9200,8.7600,8.8800,8.7600,9037759,79861128.0000,3,0.174193,1,1.369862,0
2018-09-14,sh.600958,8.9000,8.9600,8.7900,8.8400,8.8800,7518841,66724149.0000,3,0.144917,1,-0.450450,0
2018-09-17,sh.600958,8.8000,8.9200,8.7800,8.8700,8.8400,6966272,61716356.0000,3,0.134267,1,0.339363,0
2018-09-18,sh.600958,8.8000,9.0400,8.7900,9.0000,8.8700,11574447,103671279.0000,3,0.223084,1,1.465616,0
2018-09-19,sh.600958,9.0000,9.0900,8.9100,8.9900,9.0000,12257083,110440107.0000,3,0.236241,1,-0.111114,0
2018-09-20,sh.600958,9.0000,9.0300,8.8600,8.9000,8.9900,7570847,67595520.0000,3,0.145920,1,-1.001114,0
2018-09-21,sh.600958,8.9200,9.0700,8.8700,9.0600,8.9000,9631800,86674707.0000,3,0.185642,1,1.797762,0
2018-09-25,sh.600958,9.0100,9.0900,8.9000,8.9300,9.0600,6359816,56986292.0000,3,0.122578,1,-1.434880,0
2018-09-26,sh.600958,8.9700,9.0600,8.8900,8.9400,8.9300,7982295,71657718.0000,3,0.153850,1,0.111974,0
2018-09-27,sh.600958,8.9900,8.9900,8.8000,8.8500,8.9400,7485384,66226296.0000,3,0.144272,1,-1.006703,0
2018-09-28,sh.600958,8.9300,8.9500,8.8400,8.9300,8.8500,6007044,53520212.0000,3,0.115779,1,0.903954,0
2018-10-08,sh.600958,8.7300,8.9000,8.5000,8.5300,8.9300,10530034,91716633.0000,3,0.202954,1,-4.479290,0
2018-10-09,sh.600958,8.5300,8.6400,8.5000,8.5100,8.5300,6012111,51411958.0000,3,0.115877,1,-0.234461,0
2018-10-10,sh.600958,8.5700,8.6200,8.5000,8.5500,8.5100,4952199,42392604.0000,3,0.095448,1,0.470035,0
2018-10-11,sh.600958,8.3300,8.3800,7.8500,7.9500,8.5500,13815113,112132757.0000,3,0.266271,1,-7.017549,0
2018-10-12,sh.600958,7.8800,7.9500,7.6000,7.6500,7.9500,11202949,87304637.0000,3,0.215924,1,-3.773581,0
2018-10-15,sh.600958,7.8000,8.0400,7.7300,7.8200,7.6500,11747223,92692760.0000,3,0.226414,1,2.222223,0
2018-10-16,sh.600958,7.8100,8.0700,7.6800,7.7200,7.8200,8748319,69173556.0000,3,0.168614,1,-1.278777,0
2018-10-17,sh.600958,7.8100,8.0300,7.7700,7.9700,7.7200,11047493,87387798.0000,3,0.212928,1,3.238342,0
2018-10-18,sh.600958,7.8800,8.0200,7.6000,7.7600,7.9700,9965281,77651176.0000,3,0.192070,1,-2.634875,0
2018-10-19,sh.600958,7.6600,8.1600,7.6200,8.1500,7.7600,18462688,147688306.0000,3,0.355847,1,5.025765,0
2018-10-22,sh.600958,8.1500,8.9700,8.1400,8.9700,8.1500,24825767,217542436.0000,3,0.478489,1,10.061360,0
2018-10-23,sh.600958,9.4600,9.5500,9.0500,9.1100,8.9700,60206651,562584393.0000,3,1.160415,1,1.560751,0
2018-10-24,sh.600958,9.0300,9.4900,8.9400,9.1900,9.1100,44874075,414459380.0000,3,0.864897,1,0.878155,0
2018-10-25,sh.600958,8.9000,9.4900,8.7600,9.4600,9.1900,38435738,353183079.0000,3,0.740805,1,2.937981,0
2018-10-26,sh.600958,9.5000,9.5000,9.1000,9.2200,9.4600,25446146,236494448.0000,3,0.490446,1,-2.536995,0
2018-10-29,sh.600958,9.1300,9.3800,9.1000,9.1700,9.2200,13776157,127197485.0000,3,0.265520,1,-0.542301,0
2018-10-30,sh.600958,9.2400,9.8000,9.1100,9.4700,9.1700,42620353,403390691.0000,3,0.821459,1,3.271539,0
2018-10-31,sh.600958,9.3800,9.4000,9.1600,9.2200,9.4700,30400564,281418238.0000,3,0.585936,1,-2.639915,0
2018-11-01,sh.600958,9.2300,9.7500,9.1700,9.1700,9.2200,36561674,344745915.0000,3,0.704685,1,-0.542301,0
2018-11-02,sh.600958,9.4100,9.5500,9.1900,9.4700,9.1700,30947895,290860753.0000,3,0.596486,1,3.271539,0
2018-11-05,sh.600958,9.4000,9.7000,9.3600,9.6700,9.4700,28027878,268501168.0000,3,0.540206,1,2.111930,0
2018-11-06,sh.600958,9.5300,9.7400,9.3700,9.5200,9.6700,21168157,201802061.0000,3,0.407992,1,-1.551185,0
2018-11-07,sh.600958,9.4900,9.6100,9.2000,9.2700,9.5200,20132815,189130003.0000,3,0.388037,1,-2.626050,0
2018-11-08,sh.600958,9.3500,9.5100,9.1800,9.2100,9.2700,18771734,175590576.0000,3,0.361804,1,-0.647254,0
2018-11-09,sh.600958,9.2000,9.3400,9.0800,9.2200,9.2100,12633049,116910666.0000,3,0.243488,1,0.108580,0
2018-11-12,sh.600958,9.2200,9.3900,9.2000,9.3500,9.2200,14505298,134798286.0000,3,0.279573,1,1.409980,0
2018-11-13,sh.600958,9.2600,9.7700,9.2200,9.4900,9.3500,29368097,278553737.0000,3,0.566037,1,1.497320,0
2018-11-14,sh.600958,9.4700,9.6200,9.3000,9.4100,9.4900,21524645,203420602.0000,3,0.414863,1,-0.842992,0
2018-11-15,sh.600958,9.3600,9.7800,9.3600,9.7600,9.4100,36425781,349995147.0000,3,0.702066,1,3.719452,0
2018-11-16,sh.600958,9.7900,10.2800,9.6400,9.9600,9.7600,48341460,482830843.0000,3,0.931727,1,2.049178,0
2018-11-19,sh.600958,9.9400,10.3300,9.9100,10.2900,9.9600,42261686,430193194.0000,3,0.814546,1,3.313252,0
2018-11-20,sh.600958,10.1800,10.3500,9.7700,9.7700,10.2900,33067781,332678191.0000,3,0.637344,1,-5.053445,0
2018-11-21,sh.600958,9.6000,9.9400,9.6000,9.8900,9.7700,21682357,212602629.0000,3,0.417903,1,1.228248,0
2018-11-22,sh.600958,9.9000,9.9300,9.5300,9.7000,9.8900,22874315,221507440.0000,3,0.440877,1,-1.921138,0
2018-11-23,sh.600958,9.7000,9.7800,9.2700,9.3100,9.7000,17668608,167330661.0000,3,0.340542,1,-4.020612,0
2018-11-26,sh.600958,9.3200,9.4600,9.1500,9.2700,9.3100,11940527,110876289.0000,3,0.230140,1,-0.429645,0
2018-11-27,sh.600958,9.3300,9.5200,9.2700,9.3500,9.2700,15135836,141834500.0000,3,0.291726,1,0.862998,0
2018-11-28,sh.600958,9.3300,9.5600,9.2600,9.5000,9.3500,20073990,189606457.0000,3,0.386903,1,1.604274,0
2018-11-29,sh.600958,9.5400,9.6500,9.1300,9.1500,9.5000,17748566,166993929.0000,3,0.342084,1,-3.684215,0
2018-11-30,sh.600958,9.1500,9.2400,8.9000,9.2300,9.1500,18052423,164028874.0000,3,0.347940,1,0.874316,0
2018-12-03,sh.600958,9.6600,9.7000,9.2600,9.3900,9.2300,39490033,373184455.0000,3,0.761126,1,1.733487,0
2018-12-04,sh.600958,9.3500,9.4200,9.1200,9.3100,9.3900,23698951,219854073.0000,3,0.456770,1,-0.851969,0
2018-12-05,sh.600958,9.1200,9.2100,9.0600,9.1100,9.3100,15441081,141217862.0000,3,0.297609,1,-2.148236,0
2018-12-06,sh.600958,9.0500,9.0800,8.8600,8.9500,9.1100,15604571,139960711.0000,3,0.300760,1,-1.756310,0
2018-12-07,sh.600958,8.9200,9.0600,8.9100,8.9700,8.9500,8914070,80117453.0000,3,0.171809,1,0.223469,0
2018-12-10,sh.600958,8.9000,9.0400,8.8300,8.9900,8.9700,8188129,73172634.0000,3,0.157817,1,0.222960,0
2018-12-11,sh.600958,9.0000,9.0700,8.9700,9.0100,8.9900,8515864,76872359.0000,3,0.164134,1,0.222474,0
2018-12-12,sh.600958,9.0500,9.1500,8.8400,8.8600,9.0100,20258096,181629014.0000,3,0.390452,1,-1.664823,0
2018-12-13,sh.600958,8.8800,8.9400,8.6000,8.7800,8.8600,29063633,255699923.0000,3,0.560169,1,-0.902934,0
2018-12-14,sh.600958,8.7300,8.7800,8.2900,8.4600,8.7800,42525482,360319588.0000,3,0.819631,1,-3.644644,0
2018-12-17,sh.600958,8.3800,8.4100,8.2900,8.3800,8.4600,22488104,187561780.0000,3,0.433433,1,-0.945626,0
2018-12-18,sh.600958,8.2900,8.4200,8.2100,8.2800,8.3800,17315631,143758669.0000,3,0.333739,1,-1.193322,0
2018-12-19,sh.600958,8.2900,8.3200,8.1800,8.1900,8.2800,12780373,105350804.0000,3,0.246327,1,-1.086958,0
2018-12-20,sh.600958,8.1900,8.3400,8.1700,8.3000,8.1900,19765475,163205430.0000,3,0.380957,1,1.343109,0
2018-12-21,sh.600958,8.2400,8.2800,8.0800,8.1200,8.3000,16777143,137082822.0000,3,0.323360,1,-2.168678,0
2018-12-24,sh.600958,8.0900,8.1500,8.0100,8.0300,8.1200,12198788,98282690.0000,3,0.235118,1,-1.108376,0
2018-12-25,sh.600958,7.9800,7.9800,7.7000,7.8200,8.0300,28941430,225732905.0000,3,0.557813,1,-2.615188,0
2018-12-26,sh.600958,7.8200,7.8400,7.6800,7.7800,7.8200,16715509,129672103.0000,3,0.322173,1,-0.511509,0
2018-12-27,sh.600958,7.9500,7.9700,7.7500,7.7500,7.7800,19550201,153805371.0000,3,0.376808,1,-0.385607,0
2018-12-28,sh.600958,7.7600,8.0600,7.7600,7.9700,7.7500,23910426,190086217.0000,3,0.421154,1,2.838707,0
2019-01-02,sh.600958,7.9900,8.0900,7.8800,8.0500,7.9700,15596007,124733333.0000,3,0.274705,1,1.003769,0
2019-01-03,sh.600958,8.0600,8.5100,7.9900,8.2400,8.0500,33086602,274459674.0000,3,0.582781,1,2.360243,0
2019-01-04,sh.600958,8.1300,8.9900,8.1100,8.8300,8.2400,51308901,441970787.0000,3,0.903746,1,7.160196,0
2019-01-07,sh.600958,8.8800,8.8900,8.6000,8.6700,8.8300,36049463,314426570.0000,3,0.634969,1,-1.812003,0
2019-01-08,sh.600958,8.6200,8.8500,8.5300,8.6700,8.6700,25687357,223143849.0000,3,0.452452,1,0.000000,0
2019-01-09,sh.600958,8.6700,8.8200,8.5300,8.5300,8.6700,38576731,334317570.0000,3,0.679484,1,-1.614768,0
2019-01-10,sh.600958,8.5200,8.5700,8.2700,8.3400,8.5300,35519416,298389420.0000,3,0.625633,1,-2.227428,0
2019-01-11,sh.600958,8.3100,8.3600,8.1500,8.2000,8.3400,49227433,405101231.0000,3,0.867083,1,-1.678661,0
2019-01-14,sh.600958,8.2600,8.3200,8.1800,8.2100,8.2000,20835038,171570826.0000,3,0.366985,1,0.121954,0
2019-01-15,sh.600958,8.2300,8.4700,8.1700,8.3700,8.2100,35934644,300175268.0000,3,0.632946,1,1.948841,0
2019-01-16,sh.600958,8.3800,8.5800,8.3500,8.4600,8.3700,37978714,321703446.0000,3,0.668950,1,1.075271,0
2019-01-17,sh.600958,8.4300,8.4500,8.2200,8.2300,8.4600,32945552,273562718.0000,3,0.580297,1,-2.718682,0
2019-01-18,sh.600958,8.2500,8.3800,8.2100,8.3400,8.2300,25133916,208782127.0000,3,0.442704,1,1.336581,0
2019-01-21,sh.600958,8.3500,8.4600,8.2800,8.3900,8.3400,24867016,207742130.0000,3,0.438003,1,0.599523,0
2019-01-22,sh.600958,8.3300,8.4200,8.2800,8.3200,8.3900,18864959,157433245.0000,3,0.332284,1,-0.834334,0
2019-01-23,sh.600958,8.3000,8.3600,8.2000,8.2200,8.3200,15534404,128234208.0000,3,0.273620,1,-1.201916,0
2019-01-24,sh.600958,8.2900,8.4200,8.2300,8.3400,8.2200,24947422,207973677.0000,3,0.439419,1,1.459853,0
2019-01-25,sh.600958,8.3000,8.3700,8.2900,8.3000,8.3400,21560005,179591111.0000,3,0.379754,1,-0.479616,0
2019-01-28,sh.600958,8.3400,8.4400,8.2600,8.2700,8.3000,20912467,174625037.0000,3,0.368348,1,-0.361443,0
2019-01-29,sh.600958,8.2400,8.2400,7.9000,8.0600,8.2700,27277611,219353082.0000,3,0.480463,1,-2.539299,0
2019-01-30,sh.600958,8.0000,8.1100,7.9700,8.0000,8.0600,10287393,82741025.0000,3,0.181200,1,-0.744422,0
2019-01-31,sh.600958,8.0500,8.1600,7.9700,8.0100,8.0000,18539644,149455722.0000,3,0.326554,1,0.125003,0
2019-02-01,sh.600958,8.1100,8.4800,8.1100,8.4800,8.0100,34218409,284190062.0000,3,0.602717,1,5.867657,0
2019-02-11,sh.600958,8.5700,8.6100,8.4400,8.5800,8.4800,26286458,224179157.0000,3,0.463005,1,1.179250,0
2019-02-12,sh.600958,8.5400,8.8000,8.5000,8.7000,8.5800,31672464,273859493.0000,3,0.557873,1,1.398600,0
2019-02-13,sh.600958,8.7100,9.4500,8.6100,9.1800,8.7000,66965826,605172545.0000,3,1.179524,1,5.517247,0
2019-02-14,sh.600958,9.1300,9.3200,9.1100,9.2200,9.1800,44613088,411630313.0000,3,0.785807,1,0.435729,0
2019-02-15,sh.600958,9.1900,9.3800,9.1300,9.1600,9.2200,39524032,365481747.0000,3,0.696169,1,-0.650764,0
2019-02-18,sh.600958,9.2700,9.8500,9.2600,9.8100,9.1600,64865876,622735473.0000,3,1.142536,1,7.096076,0
2019-02-19,sh.600958,9.8000,10.7900,9.7800,10.4700,9.8100,155234286,1635663941.0000,3,2.734269,1,6.727827,0
2019-02-20,sh.600958,10.3800,10.4900,10.0600,10.3100,10.4700,82391742,848222908.0000,3,1.451233,1,-1.528174,0
2019-02-21,sh.600958,10.2300,11.3400,10.1900,10.7500,10.3100,109523646,1175180225.0000,3,1.929130,1,4.267697,0
2019-02-22,sh.600958,10.8100,11.8200,10.5900,11.7000,10.7500,152200960,1712698567.0000,3,2.680840,1,8.837208,0
2019-02-25,sh.600958,12.2900,12.8700,12.2600,12.8700,11.7000,146765889,1855179853.0000,3,2.585108,1,10.000000,0
2019-02-26,sh.600958,13.4500,13.8000,12.4300,12.4300,12.8700,169151728,2227147208.0000,3,2.979408,1,-3.418800,0
2019-02-27,sh.600958,12.4300,12.9800,12.2300,12.6800,12.4300,101047512,1278063466.0000,3,1.779833,1,2.011263,0
2019-02-28,sh.600958,12.6200,12.6300,11.8500,12.2700,12.6800,70900060,864153732.0000,3,1.248821,1,-3.233437,0
2019-03-01,sh.600958,12.3000,12.8700,12.1100,12.7900,12.2700,75451074,947011576.0000,3,1.328982,1,4.237975,0
2019-03-04,sh.600958,13.1500,13.6100,12.5200,12.7500,12.7900,193450509,2531840589.0000,3,3.407402,1,-0.312744,0
2019-03-05,sh.600958,12.2700,12.6800,12.2100,12.6000,12.7500,98725933,1227811312.0000,3,1.738941,1,-1.176468,0
2019-03-06,sh.600958,12.8400,13.1800,12.5600,13.1400,12.6000,133068901,1714195077.0000,3,2.343852,1,4.285714,0
2019-03-07,sh.600958,13.1400,14.1500,12.8600,13.5800,13.1400,183049429,2450807214.0000,3,3.224199,1,3.348551,0
2019-03-08,sh.600958,12.6000,13.0900,12.2200,12.2200,13.5800,133714464,1685656025.0000,3,2.355222,1,-10.014720,0
2019-03-11,sh.600958,12.2000,12.4600,11.6800,12.3500,12.2200,99906619,1207968705.0000,3,1.759737,1,1.063831,0
2019-03-12,sh.600958,12.5000,12.7200,12.2500,12.4000,12.3500,95622810,1193084688.0000,3,1.684283,1,0.404852,0
2019-03-13,sh.600958,12.3100,12.4000,11.9200,12.0300,12.4000,88974566,1076827451.0000,3,1.567182,1,-2.983870,0
2019-03-14,sh.600958,11.8900,12.2200,11.3900,11.6000,12.0300,76046370,897557551.0000,3,1.339467,1,-3.574392,0
2019-03-15,sh.600958,11.7900,11.9600,11.5500,11.7600,11.6000,69679010,819965286.0000,3,1.227313,1,1.379309,0
2019-03-18,sh.600958,11.8200,12.0300,11.6300,12.0200,11.7600,76983651,909601679.0000,3,1.355976,1,2.210886,0
2019-03-19,sh.600958,12.0000,12.1200,11.8100,11.9300,12.0200,48087071,575270772.0000,3,0.846997,1,-0.748753,0
2019-03-20,sh.600958,11.8500,12.1500,11.6800,11.9600,11.9300,70562687,840633248.0000,3,1.242878,1,0.251465,0
2019-03-21,sh.600958,11.9300,12.3600,11.8800,12.1400,11.9600,96912272,1177424063.0000,3,1.706995,1,1.505019,0
2019-03-22,sh.600958,12.0200,12.1500,11.7400,12.0200,12.1400,57898183,692241029.0000,3,1.019808,1,-0.988467,0
2019-03-25,sh.600958,11.7600,11.9300,11.5400,11.5600,12.0200,61220641,718198600.0000,3,1.078329,1,-3.826955,0
2019-03-26,sh.600958,11.6100,11.6600,11.0000,11.0800,11.5600,74115934,836021956.0000,3,1.305465,1,-4.152253,0
2019-03-27,sh.600958,11.2300,11.2600,11.0300,11.1500,11.0800,50075281,558602163.0000,3,0.882017,1,0.631766,0
2019-03-28,sh.600958,11.0800,11.3400,10.9500,11.1400,11.1500,43808270,488751232.0000,3,0.771631,1,-0.089680,0
2019-03-29,sh.600958,11.1900,11.9400,11.1500,11.9200,11.1400,97012551,1129270034.0000,3,1.708761,1,7.001792,0
2019-04-01,sh.600958,12.0500,12.3200,11.8200,12.1700,11.9200,85017099,1028836000.0000,3,1.497476,1,2.097315,0
2019-04-02,sh.600958,12.1800,12.3800,12.0600,12.1100,12.1700,66694975,815633024.0000,3,1.174753,1,-0.493019,0
2019-04-03,sh.600958,12.0800,12.8600,11.9800,12.6600,12.1100,110384783,1362452297.0000,3,1.944298,1,4.541703,0
2019-04-04,sh.600958,12.8500,12.9300,12.5400,12.7300,12.6600,87738601,1116185196.0000,3,1.545412,1,0.552920,0
2019-04-08,sh.600958,12.8600,12.9000,12.1600,12.3800,12.7300,72290338,904681387.0000,3,1.273309,1,-2.749406,0
2019-04-09,sh.600958,12.3800,12.5500,12.1100,12.3700,12.3800,55595289,685863650.0000,3,0.979245,1,-0.080777,0
2019-04-10,sh.600958,12.3900,12.3900,11.8800,12.1300,12.3700,66163641,799803379.0000,3,1.165394,1,-1.940176,0
2019-04-11,sh.600958,12.1000,12.2300,11.7700,11.8500,12.1300,52238437,624439932.0000,3,0.920118,1,-2.308324,0
2019-04-12,sh.600958,11.8500,12.0100,11.7400,11.8600,11.8500,35849766,425954702.0000,3,0.631451,1,0.084382,0
2019-04-15,sh.600958,12.0800,12.1400,11.5200,11.5300,11.8600,57532695,684066856.0000,3,1.013370,1,-2.782461,0
2019-04-16,sh.600958,11.4500,11.8500,11.3500,11.8300,11.5300,49350505,573497225.0000,3,0.869251,1,2.601910,0
2019-04-17,sh.600958,11.8400,11.9700,11.7000,11.7400,11.8300,41017931,484774268.0000,3,0.722482,1,-0.760779,0
2019-04-18,sh.600958,11.7800,11.8300,11.6400,11.7400,11.7400,24873029,292096941.0000,3,0.438109,1,0.000000,0
2019-04-19,sh.600958,11.8900,12.2800,11.8900,12.1100,11.7400,65244994,786604941.0000,3,1.149214,1,3.151618,0
2019-04-22,sh.600958,12.3200,12.4000,11.7700,11.8200,12.1100,54450108,654728181.0000,3,0.959074,1,-2.394715,0
2019-04-23,sh.600958,11.8000,12.0900,11.5500,11.7700,11.8200,53649894,632546665.0000,3,0.944980,1,-0.423005,0
2019-04-24,sh.600958,11.7700,11.8900,11.5500,11.8200,11.7700,38734459,456015052.0000,3,0.682262,1,0.424802,0
2019-04-25,sh.600958,11.7500,11.8900,11.4400,11.4600,11.8200,44857662,523440480.0000,3,0.790115,1,-3.045682,0
2019-04-26,sh.600958,11.4000,11.6400,11.3300,11.4600,11.4600,54952075,630564077.0000,3,0.967916,1,0.000000,0
2019-04-29,sh.600958,11.4900,11.5400,10.9600,11.1100,11.4600,50239650,561004373.0000,3,0.884912,1,-3.054105,0
2019-04-30,sh.600958,11.0900,11.3100,11.0800,11.1700,11.1100,26662953,298525246.0000,3,0.469636,1,0.540058,0
2019-05-06,sh.600958,10.6800,10.8700,10.1400,10.2700,11.1700,62403734,656446420.0000,3,1.099168,1,-8.057293,0
2019-05-07,sh.600958,10.3300,10.7200,10.3200,10.6000,10.2700,41765753,437464209.0000,3,0.735654,1,3.213242,0
2019-05-08,sh.600958,10.3200,10.6900,10.3200,10.5400,10.6000,23431934,247272668.0000,3,0.412726,1,-0.566042,0
2019-05-09,sh.600958,10.4200,10.6700,10.2900,10.3000,10.5400,27908562,292016577.0000,3,0.491576,1,-2.277038,0
2019-05-10,sh.600958,10.5000,10.9200,10.2200,10.8900,10.3000,47178762,501948984.0000,3,0.830998,1,5.728157,0
2019-05-13,sh.600958,10.7300,10.7500,10.4400,10.5400,10.8900,24628197,261547742.0000,3,0.433797,1,-3.213961,0
2019-05-14,sh.600958,10.4400,10.6300,10.3600,10.4400,10.5400,25788284,270391449.0000,3,0.454230,1,-0.948770,0
2019-05-15,sh.600958,10.5500,10.6000,10.4600,10.5400,10.4400,27804822,292787443.0000,3,0.489749,1,0.957858,0
2019-05-16,sh.600958,10.5200,10.6200,10.4200,10.5200,10.5400,21216170,223042568.0000,3,0.373698,1,-0.189749,0
2019-05-17,sh.600958,10.5600,10.5700,10.1500,10.2500,10.5200,30756899,317996746.0000,3,0.541746,1,-2.566544,0
2019-05-20,sh.600958,10.2300,10.4500,10.1500,10.3100,10.2500,23009077,236883373.0000,3,0.405278,1,0.585370,0
2019-05-21,sh.600958,10.3000,10.7200,10.2900,10.5700,10.3100,31554025,333305632.0000,3,0.555787,1,2.521816,0
2019-05-22,sh.600958,10.5700,10.6700,10.5100,10.6100,10.5700,21312880,225631459.0000,3,0.375401,1,0.378429,0
2019-05-23,sh.600958,10.5300,10.7500,10.4600,10.5600,10.6100,25349897,268194262.0000,3,0.446508,1,-0.471246,0
2019-05-24,sh.600958,10.4800,10.6600,10.3900,10.4000,10.5600,19641555,206442679.0000,3,0.345963,1,-1.515159,0
2019-05-27,sh.600958,10.4700,10.7300,10.3800,10.5900,10.4000,41601354,440711792.0000,3,0.732759,1,1.826928,0
2019-05-28,sh.600958,10.5900,10.6500,10.4500,10.5900,10.5900,32394609,342262301.0000,3,0.570593,1,0.000000,0
2019-05-29,sh.600958,10.5100,10.6200,10.4700,10.5000,10.5900,24018711,253182601.0000,3,0.423061,1,-0.849860,0
2019-05-30,sh.600958,10.4600,10.4700,10.2300,10.3100,10.5000,23387084,240868772.0000,3,0.411936,1,-1.809520,0
2019-05-31,sh.600958,10.3300,10.4100,10.2500,10.2500,10.3100,15796200,163160151.0000,3,0.278231,1,-0.581963,0
2019-06-03,sh.600958,10.3000,10.4700,10.1700,10.1800,10.2500,22863767,235818585.0000,3,0.402718,1,-0.682924,0
2019-06-04,sh.600958,10.1800,10.2800,10.0700,10.1600,10.1800,20548612,208651546.0000,3,0.361940,1,-0.196468,0
2019-06-05,sh.600958,10.2500,10.3400,10.1400,10.1800,10.1600,21229255,217295048.0000,3,0.373928,1,0.196855,0
2019-06-06,sh.600958,10.1600,10.2500,9.9700,10.0000,10.1800,20298303,204974780.0000,3,0.357531,1,-1.768176,0
2019-06-10,sh.600958,10.0200,10.0600,9.5800,9.9200,10.0000,19901058,196667232.0000,3,0.350534,1,-0.799999,0
2019-06-11,sh.600958,9.9100,10.4400,9.8800,10.3700,9.9200,38640898,395903985.0000,3,0.680614,1,4.536288,0
2019-06-12,sh.600958,10.3500,10.4500,10.1900,10.2000,10.3700,26036663,268449928.0000,3,0.458605,1,-1.639345,0
2019-06-13,sh.600958,10.2800,10.4600,10.2000,10.3800,10.2000,27950770,289339002.0000,3,0.492320,1,1.764709,0
2019-06-14,sh.600958,10.4000,10.4400,10.1600,10.1900,10.3800,25612690,262843947.0000,3,0.451137,1,-1.830448,0
2019-06-17,sh.600958,10.2100,10.2900,10.1000,10.1800,10.1900,16757717,170782549.0000,3,0.295167,1,-0.098128,0
2019-06-18,sh.600958,10.2000,10.2200,10.0600,10.1400,10.1800,13736392,139212961.0000,3,0.241950,1,-0.392927,0
2019-06-19,sh.600958,10.6500,10.7800,10.3200,10.3500,10.1400,36790481,386652431.0000,3,0.648021,1,2.071006,0
2019-06-20,sh.600958,10.3100,11.0900,10.2300,10.7800,10.3500,81555968,873520649.0000,3,1.436512,1,4.154583,0
2019-06-21,sh.600958,10.9100,11.0400,10.7700,10.8100,10.7800,52560630,572338627.0000,3,0.925793,1,0.278299,0
2019-06-24,sh.600958,10.9200,10.9700,10.7200,10.7600,10.8100,38475206,417570194.0000,3,0.677695,1,-0.462536,0
2019-06-25,sh.600958,10.7300,10.8900,10.5700,10.8800,10.7600,41184517,443925220.0000,3,0.725417,1,1.115241,0
2019-06-26,sh.600958,10.6400,10.7700,10.5700,10.6400,10.8800,21849109,233107420.0000,3,0.384846,1,-2.205880,0
2019-06-27,sh.600958,10.7200,10.9400,10.7000,10.7500,10.6400,39840446,431861361.0000,3,0.701742,1,1.033831,0
2019-06-28,sh.600958,10.7400,10.7700,10.5600,10.6800,10.7500,20114486,214677670.0000,3,0.354293,1,-0.651160,0
2019-07-01,sh.600958,11.0500,11.1000,10.8600,10.9400,10.6800,39151886,428566894.0000,3,0.689614,1,2.434450,0
2019-07-02,sh.600958,10.9300,10.9900,10.8200,10.8500,10.9400,25943140,282950590.0000,3,0.456958,1,-0.822662,0
2019-07-03,sh.600958,10.8300,10.8600,10.5600,10.6100,10.8500,29273154,312020538.0000,3,0.515612,1,-2.211988,0
2019-07-04,sh.600958,10.5300,10.7200,10.4400,10.5300,10.6100,32702912,345640353.0000,3,0.576023,1,-0.754005,0
2019-07-05,sh.600958,10.4900,10.6000,10.4300,10.5800,10.5300,16420577,172955727.0000,3,0.289229,1,0.474836,0
2019-07-08,sh.600958,10.6000,10.6100,10.1700,10.2000,10.5800,27283706,282538650.0000,3,0.480570,1,-3.591683,0
2019-07-09,sh.600958,10.2000,10.3900,10.1300,10.3500,10.2000,19434996,199426129.0000,3,0.342324,1,1.470594,0
2019-07-10,sh.600958,10.1700,10.2100,9.9800,10.0800,10.2500,23803371,239698082.0000,3,0.419268,1,-1.658537,0
2019-07-11,sh.600958,10.1000,10.2800,9.9700,10.0400,10.0800,17895537,181053539.0000,3,0.315209,1,-0.396825,0
2019-07-12,sh.600958,10.0300,10.2000,10.0000,10.1100,10.0400,16010248,162165604.0000,3,0.282002,1,0.697208,0
2019-07-15,sh.600958,10.1200,10.4800,10.0100,10.2800,10.1100,24448376,250489878.0000,3,0.430629,1,1.681504,0
2019-07-16,sh.600958,10.2500,10.4200,10.2300,10.3600,10.2800,20284460,210144120.0000,3,0.357287,1,0.778209,0
2019-07-17,sh.600958,10.3400,10.4900,10.3200,10.4100,10.3600,18099594,188639910.0000,3,0.318803,1,0.482627,0
2019-07-18,sh.600958,10.3800,10.4400,10.2800,10.2900,10.4100,18664880,193325530.0000,3,0.328760,1,-1.152737,0
2019-07-19,sh.600958,10.3500,10.6300,10.3500,10.5700,10.2900,27773897,292600555.0000,3,0.489204,1,2.721086,0
2019-07-22,sh.600958,10.6300,10.6800,10.3000,10.3300,10.5700,24303422,253612855.0000,3,0.428076,1,-2.270575,0
2019-07-23,sh.600958,10.3600,10.4300,10.2700,10.3600,10.3300,12119298,125527051.0000,3,0.213467,1,0.290414,0
2019-07-24,sh.600958,10.3900,10.5700,10.3800,10.4300,10.3600,17550160,183941849.0000,3,0.309125,1,0.675682,0
2019-07-25,sh.600958,10.3600,10.4500,10.3400,10.3900,10.4300,14767284,153516670.0000,3,0.260108,1,-0.383509,0
2019-07-26,sh.600958,10.3900,10.3900,10.3000,10.3600,10.3900,11851679,122673291.0000,3,0.208800,1,-0.288700,0
2019-07-29,sh.600958,10.4200,10.4400,10.1400,10.2900,10.3600,20439053,210088146.0000,3,0.360010,1,-0.675673,0
2019-07-30,sh.600958,10.2700,10.4700,10.2700,10.3500,10.2900,17155627,178089042.0000,3,0.302200,1,0.583100,0
2019-07-31,sh.600958,10.3300,10.4400,10.3000,10.4200,10.3500,13586216,141200085.0000,3,0.239300,1,0.676300,0
2019-08-01,sh.600958,10.3700,10.4400,10.2000,10.2300,10.4200,21570905,222241537.0000,3,0.379900,1,-1.823400,0
2019-08-02,sh.600958,10.0400,10.1100,9.9100,10.0800,10.2300,24839176,248158295.0000,3,0.437500,1,-1.466300,0
2019-08-05,sh.600958,9.9800,10.2900,9.9500,9.9600,10.0800,23097628,230951447.0000,3,0.406800,1,-1.190500,0
2019-08-06,sh.600958,9.7900,9.9100,9.5000,9.9000,9.9600,38077993,371294542.0000,3,0.670700,1,-0.602400,0
2019-08-07,sh.600958,9.9100,9.9600,9.8000,9.9200,9.9000,22475200,221763740.0000,3,0.395900,1,0.202000,0
2019-08-08,sh.600958,10.2800,10.3600,9.9800,10.0000,9.9200,24278586,245690929.0000,3,0.427600,1,0.806500,0
2019-08-09,sh.600958,10.1500,10.1900,9.8000,9.8300,10.0000,14033292,139591517.0000,3,0.247200,1,-1.700000,0
2019-08-12,sh.600958,9.9500,10.0400,9.8700,10.0200,9.8300,15217274,151599214.0000,3,0.268000,1,1.932900,0
2019-08-13,sh.600958,9.9000,9.9600,9.8500,9.9400,10.0200,10161995,100648276.0000,3,0.179000,1,-0.798400,0
2019-08-14,sh.600958,10.0800,10.1200,9.8400,9.8500,9.9400,13295143,132566040.0000,3,0.234200,1,-0.905400,0
2019-08-15,sh.600958,9.6000,9.8600,9.5600,9.8100,9.8500,14716878,142964624.0000,3,0.259200,1,-0.406100,0
2019-08-16,sh.600958,9.8400,9.9200,9.7500,9.8100,9.8100,12950662,127369898.0000,3,0.228100,1,0.000000,0
2019-08-19,sh.600958,9.9500,10.4000,9.8700,10.3900,9.8100,45744166,466995696.0000,3,0.805700,1,5.912300,0
2019-08-20,sh.600958,10.3800,10.4500,10.3000,10.4100,10.3900,28439534,294944503.0000,3,0.500900,1,0.192500,0
2019-08-21,sh.600958,10.3900,10.3900,10.2600,10.2900,10.4100,18120126,186634957.0000,3,0.319200,1,-1.152700,0
2019-08-22,sh.600958,10.3500,10.3600,10.1600,10.2500,10.2900,12869759,131794531.0000,3,0.226700,1,-0.388700,0
2019-08-23,sh.600958,10.2500,10.3900,10.1300,10.1400,10.2500,16482074,168555041.0000,3,0.290300,1,-1.073200,0
2019-08-26,sh.600958,9.9400,10.0500,9.9000,9.9700,10.1400,15162515,151277726.0000,3,0.267100,1,-1.676500,0
2019-08-27,sh.600958,10.0500,10.3500,10.0000,10.2900,9.9700,25317294,258581142.0000,3,0.445900,1,3.209600,0
2019-08-28,sh.600958,10.2400,10.2600,10.1200,10.1500,10.2900,9462800,96236513.0000,3,0.166700,1,-1.360500,0
2019-08-29,sh.600958,10.1600,10.2300,10.0900,10.1000,10.1500,11909463,120869614.0000,3,0.209800,1,-0.492600,0
2019-08-30,sh.600958,10.1900,10.2500,9.8800,9.9500,10.1000,21567877,216684975.0000,3,0.379900,1,-1.485200,0
2019-09-02,sh.600958,9.9700,10.1700,9.9200,10.1000,9.9500,27529834,277465844.0000,3,0.484900,1,1.507500,0
2019-09-03,sh.600958,10.0800,10.1100,9.9600,10.0300,10.1000,21288572,213252882.0000,3,0.375000,1,-0.693100,0
2019-09-04,sh.600958,10.0200,10.2300,9.9900,10.2300,10.0300,31850536,322873424.0000,3,0.561000,1,1.994000,0
2019-09-05,sh.600958,10.3500,11.0000,10.3500,10.5500,10.2300,72934848,776266933.0000,3,1.284700,1,3.128100,0
2019-09-06,sh.600958,10.6500,10.7300,10.4800,10.5800,10.5500,25891174,273639488.0000,3,0.456000,1,0.284400,0
2019-09-09,sh.600958,10.8200,10.9300,10.6700,10.7900,10.5800,41138626,443511448.0000,3,0.724600,1,1.984900,0
2019-09-10,sh.600958,10.8000,11.2500,10.6900,11.1100,10.7900,67681189,743848992.0000,3,1.192100,1,2.965700,0
2019-09-11,sh.600958,11.2800,11.4100,11.0600,11.2100,11.1100,54827705,616144997.0000,3,0.965700,1,0.900100,0
2019-09-12,sh.600958,11.2300,11.2900,11.0800,11.2400,11.2100,27179260,303950852.0000,3,0.478700,1,0.267600,0
2019-09-16,sh.600958,11.2600,11.2900,10.8900,10.9400,11.2400,38200298,421777234.0000,3,0.672900,1,-2.669000,0
2019-09-17,sh.600958,11.0000,11.0400,10.6500,10.7000,10.9400,36239010,391912375.0000,3,0.638300,1,-2.193800,0
2019-09-18,sh.600958,10.7500,10.8300,10.6300,10.6500,10.7000,20650353,221215723.0000,3,0.363700,1,-0.467300,0
2019-09-19,sh.600958,10.7500,10.7600,10.5500,10.7000,10.6500,23262846,247709720.0000,3,0.409700,1,0.469500,0
2019-09-20,sh.600958,10.6300,10.7400,10.5700,10.7400,10.7000,21875405,233139693.0000,3,0.385300,1,0.373800,0
2019-09-23,sh.600958,10.6700,10.6800,10.3800,10.5000,10.7400,22699758,238667200.0000,3,0.399800,1,-2.234600,0
2019-09-24,sh.600958,10.5000,10.7200,10.4300,10.5300,10.5000,19722378,208736570.0000,3,0.347400,1,0.285700,0
2019-09-25,sh.600958,10.4500,10.6300,10.4200,10.4700,10.5300,14634636,153794280.0000,3,0.257800,1,-0.569800,0
2019-09-26,sh.600958,10.5000,10.5600,10.3100,10.4100,10.4700,18865295,197232186.0000,3,0.332300,1,-0.573100,0
2019-09-27,sh.600958,10.3800,10.5000,10.3700,10.4200,10.4100,12115272,126417321.0000,3,0.213400,1,0.096100,0
2019-09-30,sh.600958,10.4100,10.4600,10.2000,10.2000,10.4200,12966875,133991247.0000,3,0.228400,1,-2.111300,0
2019-10-08,sh.600958,10.2100,10.2400,10.0800,10.1000,10.2000,14351892,145366358.0000,3,0.252800,1,-0.980400,0
2019-10-09,sh.600958,10.0700,10.1700,10.0300,10.1600,10.1000,8986738,90784131.0000,3,0.158300,1,0.594100,0
2019-10-10,sh.600958,10.1000,10.2500,10.1000,10.2200,10.1600,9169520,93579441.0000,3,0.161500,1,0.590600,0
2019-10-11,sh.600958,10.2600,10.4100,10.1500,10.3200,10.2200,15793647,162762101.0000,3,0.278200,1,0.978500,0
2019-10-14,sh.600958,10.4800,10.6300,10.4000,10.4300,10.3200,22041774,231541153.0000,3,0.388200,1,1.065900,0
2019-10-15,sh.600958,10.4200,10.4300,10.2100,10.2400,10.4300,14322113,147349972.0000,3,0.252300,1,-1.821700,0
2019-10-16,sh.600958,10.2800,10.4200,10.2700,10.3200,10.2400,16421108,169911945.0000,3,0.289200,1,0.781200,0
2019-10-17,sh.600958,10.3000,10.4400,10.2700,10.3000,10.3200,10661503,110142608.0000,3,0.187800,1,-0.193800,0
2019-10-18,sh.600958,10.3300,10.3500,10.0500,10.0500,10.3000,16058451,163444063.0000,3,0.282900,1,-2.427200,0
2019-10-21,sh.600958,10.0000,10.1300,9.9400,10.0900,10.0500,11126497,111760650.0000,3,0.196000,1,0.398000,0
2019-10-22,sh.600958,10.0500,10.1700,10.0500,10.1500,10.0900,7632723,77183299.0000,3,0.134400,1,0.594600,0
2019-10-23,sh.600958,10.2000,10.2000,10.0400,10.0600,10.1500,7127238,72060400.0000,3,0.125500,1,-0.886700,0
2019-10-24,sh.600958,10.0700,10.1700,10.0400,10.1500,10.0600,9685405,97910064.0000,3,0.170600,1,0.894600,0
2019-10-25,sh.600958,10.1500,10.2300,10.0200,10.1800,10.1500,15487141,156924842.0000,3,0.272800,1,0.295600,0
2019-10-28,sh.600958,10.2000,10.3700,10.1500,10.3100,10.1800,15819340,162196667.0000,3,0.278600,1,1.277000,0
2019-10-29,sh.600958,10.3100,10.3200,10.1100,10.1200,10.3100,11570752,117898627.0000,3,0.203800,1,-1.842900,0
2019-10-30,sh.600958,10.0800,10.1300,9.9800,10.0000,10.1200,11933200,119768109.0000,3,0.210200,1,-1.185800,0
2019-10-31,sh.600958,10.0300,10.0900,9.9800,10.0000,10.0000,7850763,78747606.0000,3,0.138300,1,0.000000,0
2019-11-01,sh.600958,10.0500,10.1300,9.9600,10.0800,10.0000,12323522,123748615.0000,3,0.217100,1,0.800000,0
2019-11-04,sh.600958,10.0600,10.2100,10.0600,10.1200,10.0800,12084031,122626543.0000,3,0.212800,1,0.396800,0
2019-11-05,sh.600958,10.1500,10.3100,10.1000,10.2400,10.1200,21197689,216837039.0000,3,0.373400,1,1.185800,0
2019-11-06,sh.600958,10.2100,10.2300,10.1000,10.1100,10.2400,9186849,93291067.0000,3,0.161800,1,-1.269500,0
2019-11-07,sh.600958,10.0800,10.1500,10.0600,10.1100,10.1100,13093936,132531412.0000,3,0.230600,1,0.000000,0
2019-11-08,sh.600958,10.2300,10.2500,10.0500,10.0500,10.1100,11224322,113763926.0000,3,0.197700,1,-0.593500,0
2019-11-11,sh.600958,10.0000,10.0800,9.9000,9.9200,10.0500,13996279,139934540.0000,3,0.246500,1,-1.293500,0
2019-11-12,sh.600958,9.9100,9.9500,9.8700,9.8900,9.9200,9841669,97542774.0000,3,0.173300,1,-0.302400,0
2019-11-13,sh.600958,9.9600,9.9600,9.7100,9.7500,9.8900,12146608,118860738.0000,3,0.213900,1,-1.415600,0
2019-11-14,sh.600958,9.7800,9.8000,9.7200,9.7200,9.7500,10303533,100520600.0000,3,0.181500,1,-0.307700,0
2019-11-15,sh.600958,9.7300,9.7400,9.5100,9.5500,9.7200,14559017,139500766.0000,3,0.256400,1,-1.749000,0
2019-11-18,sh.600958,9.5500,9.7000,9.5200,9.6600,9.5500,8044892,77547577.0000,3,0.141700,1,1.151800,0
2019-11-19,sh.600958,9.6400,9.8200,9.6100,9.8100,9.6600,7944567,77509998.0000,3,0.139900,1,1.552800,0
2019-11-20,sh.600958,9.8000,9.8400,9.6500,9.6800,9.8100,7470128,72754231.0000,3,0.131600,1,-1.325200,0
2019-11-21,sh.600958,9.6000,9.7300,9.5900,9.6700,9.6800,6292107,60859802.0000,3,0.110800,1,-0.103300,0
2019-11-22,sh.600958,9.6500,9.8000,9.6000,9.6800,9.6700,8046310,77949194.0000,3,0.141700,1,0.103400,0
2019-11-25,sh.600958,9.6800,9.7400,9.5800,9.7000,9.6800,7502704,72520950.0000,3,0.132200,1,0.206600,0
2019-11-26,sh.600958,9.7600,9.8700,9.7000,9.8700,9.7000,13366801,130834647.0000,3,0.235400,1,1.752600,0
2019-11-27,sh.600958,9.7900,9.8200,9.6500,9.6800,9.8700,10394815,100944173.0000,3,0.183100,1,-1.925000,0
2019-11-28,sh.600958,9.6600,9.7000,9.6200,9.6800,9.6800,5297231,51158694.0000,3,0.093300,1,0.000000,0
2019-11-29,sh.600958,9.6700,9.7900,9.6500,9.7200,9.6800,6760413,65726591.0000,3,0.119100,1,0.413200,0
2019-12-02,sh.600958,9.8600,9.8900,9.7100,9.7500,9.7200,9261668,90775064.0000,3,0.163100,1,0.308600,0
2019-12-03,sh.600958,9.6900,9.8100,9.6500,9.8100,9.7500,6565378,63844066.0000,3,0.115600,1,0.615400,0
2019-12-04,sh.600958,9.7600,9.8100,9.7100,9.7900,9.8100,4692806,45830844.0000,3,0.082700,1,-0.203900,0
2019-12-05,sh.600958,9.8300,9.9600,9.8000,9.9400,9.7900,12526310,124048022.0000,3,0.220600,1,1.532200,0
2019-12-06,sh.600958,9.9800,10.0100,9.8800,9.9700,9.9400,8386733,83403713.0000,3,0.147700,1,0.301800,0
2019-12-09,sh.600958,10.0100,10.0100,9.9200,9.9400,9.9700,8007323,79719856.0000,3,0.141000,1,-0.300900,0
2019-12-10,sh.600958,9.9100,9.9700,9.8600,9.9500,9.9400,7169285,71108420.0000,3,0.126300,1,0.100600,0
2019-12-11,sh.600958,9.9400,10.0600,9.8000,9.8500,9.9500,18387077,182406226.0000,3,0.323900,1,-1.005000,0
2019-12-12,sh.600958,9.8400,9.8500,9.7500,9.7600,9.8500,11002138,107730752.0000,3,0.193800,1,-0.913700,0
2019-12-13,sh.600958,9.8600,10.1800,9.8400,10.1000,9.7600,39129828,391537070.0000,3,0.689200,1,3.483600,0
2019-12-16,sh.600958,10.1500,10.2800,10.0400,10.2100,10.1000,27013568,274130797.0000,3,0.475800,1,1.089100,0
2019-12-17,sh.600958,10.2500,10.8600,10.2000,10.6200,10.2100,54459732,574083733.0000,3,0.959200,1,4.015700,0
2019-12-18,sh.600958,10.5600,10.7600,10.5100,10.6000,10.6200,39219438,417351711.0000,3,0.690800,1,-0.188300,0
2019-12-19,sh.600958,10.6000,10.6200,10.4300,10.5100,10.6000,27765735,291641261.0000,3,0.489100,1,-0.849100,0
2019-12-20,sh.600958,10.5300,10.8400,10.4900,10.6000,10.5100,59708948,637781281.0000,3,1.051700,1,0.856300,0
2019-12-23,sh.600958,10.5900,10.7100,10.2700,10.2800,10.6000,35146206,368813944.0000,3,0.619100,1,-3.018900,0
2019-12-24,sh.600958,10.3300,10.4200,10.2400,10.3700,10.2800,17777409,183446681.0000,3,0.313100,1,0.875500,0
2019-12-25,sh.600958,10.3500,10.4900,10.2500,10.3500,10.3700,20210812,209420154.0000,3,0.356000,1,-0.192900,0
2019-12-26,sh.600958,10.3500,10.6200,10.3500,10.6200,10.3500,35632616,374062275.0000,3,0.627600,1,2.608700,0
2019-12-27,sh.600958,10.5900,10.6500,10.3400,10.4200,10.6200,73881133,778453417.0000,3,1.301300,1,-1.883200,0
2019-12-30,sh.600958,10.3300,10.9400,10.2500,10.8000,10.4200,121178486,1298677347.0000,3,2.134400,1,3.646800,0
2019-12-31,sh.600958,10.7900,10.9000,10.6500,10.7600,10.8000,57541634,619404539.0000,3,1.013500,1,-0.370400,0
2020-01-02,sh.600958,10.9000,11.1100,10.7700,10.8800,10.7600,62971864,687667066.0000,3,1.109200,1,1.115200,0
2020-01-03,sh.600958,10.8300,10.9700,10.7200,10.8200,10.8800,36456379,394926845.0000,3,0.642100,1,-0.551500,0
2020-01-06,sh.600958,10.6600,10.9400,10.6200,10.7700,10.8200,48002571,517840804.0000,3,0.845500,1,-0.462100,0
2020-01-07,sh.600958,10.8100,10.8900,10.6800,10.8000,10.7700,32975731,355131500.0000,3,0.580800,1,0.278500,0
2020-01-08,sh.600958,10.6900,10.7300,10.3300,10.3800,10.8000,43104036,453993893.0000,3,0.759200,1,-3.888900,0
2020-01-09,sh.600958,10.5000,10.5900,10.4200,10.5200,10.3800,31140591,327260613.0000,3,0.548500,1,1.348800,0
2020-01-10,sh.600958,10.7300,10.8400,10.5300,10.6400,10.5200,48149409,514871189.0000,3,0.848100,1,1.140700,0
2020-01-13,sh.600958,10.5600,10.8200,10.4500,10.8200,10.6400,34816472,370787747.0000,3,0.613300,1,1.691700,0
2020-01-14,sh.600958,10.8000,10.8600,10.6600,10.6700,10.8200,25029582,269032826.0000,3,0.440900,1,-1.386300,0
2020-01-15,sh.600958,10.6100,10.7300,10.5400,10.6000,10.6700,22330602,237248190.0000,3,0.393300,1,-0.656000,0
2020-01-16,sh.600958,10.6100,10.6500,10.5000,10.5200,10.6000,16811627,177474771.0000,3,0.296100,1,-0.754700,0
2020-01-17,sh.600958,10.5500,10.7200,10.5400,10.6100,10.5200,20386108,216415938.0000,3,0.359100,1,0.855500,0
2020-01-20,sh.600958,10.5500,10.7900,10.5200,10.7800,10.6100,27172013,290635006.0000,3,0.478600,1,1.602300,0
2020-01-21,sh.600958,10.7400,10.8300,10.5600,10.5700,10.7800,32800410,350791962.0000,3,0.577700,1,-1.948100,0
2020-01-22,sh.600958,10.5300,10.7900,10.4100,10.7100,10.5700,34944565,370044178.0000,3,0.615500,1,1.324500,0
2020-01-23,sh.600958,10.6400,10.6900,10.2500,10.2900,10.7100,36442845,381711266.0000,3,0.641900,1,-3.921600,0
2020-02-03,sh.600958,9.2600,9.2600,9.2600,9.2600,10.2900,11927300,110446798.0000,3,0.210100,1,-10.009700,0
2020-02-04,sh.600958,8.7000,9.2400,8.7000,9.1000,9.2600,58236794,527086571.0000,3,1.025800,1,-1.727900,0
2020-02-05,sh.600958,9.1500,9.4300,9.0800,9.2100,9.1000,39404074,364382654.0000,3,0.694100,1,1.208800,0
2020-02-06,sh.600958,9.2100,9.4300,9.1000,9.3500,9.2100,39746077,368972382.0000,3,0.700100,1,1.520100,0
2020-02-07,sh.600958,9.3300,9.4300,9.2300,9.3700,9.3500,32143936,299868704.0000,3,0.566200,1,0.213900,0
2020-02-10,sh.600958,9.3400,9.5700,9.2800,9.4700,9.3700,27791797,262544877.0000,3,0.489500,1,1.067200,0
2020-02-11,sh.600958,9.5100,9.6500,9.3700,9.3900,9.4700,31458247,298047402.0000,3,0.554100,1,-0.844800,0
2020-02-12,sh.600958,9.4300,9.5900,9.3300,9.5200,9.3900,35004903,331537732.0000,3,0.616600,1,1.384500,0
2020-02-13,sh.600958,9.5200,9.5700,9.3000,9.3500,9.5200,28288180,266653139.0000,3,0.498300,1,-1.785700,0
2020-02-14,sh.600958,9.3500,9.6000,9.3200,9.5200,9.3500,38329064,363500529.0000,3,0.675100,1,1.818200,0
2020-02-17,sh.600958,9.8000,10.1900,9.7300,10.0800,9.5200,68078255,673775103.0000,3,1.199100,1,5.882300,0
2020-02-18,sh.600958,10.1500,10.2300,10.0100,10.0900,10.0800,39892643,402954936.0000,3,0.702700,1,0.099200,0
2020-02-19,sh.600958,10.1000,10.3500,10.0200,10.1400,10.0900,53765619,550249706.0000,3,0.947000,1,0.495500,0
2020-02-20,sh.600958,10.1600,10.9300,10.1300,10.8400,10.1400,94845083,1002025628.0000,3,1.670600,1,6.903400,0
2020-02-21,sh.600958,10.8700,11.2200,10.6700,10.9000,10.8400,88021244,962060749.0000,3,1.550400,1,0.553500,0
2020-02-24,sh.600958,10.8600,11.0500,10.7200,10.8900,10.9000,60796603,660819612.0000,3,1.070900,1,-0.091700,0
2020-02-25,sh.600958,10.6800,10.9400,10.4100,10.8700,10.8900,77701134,832532844.0000,3,1.368600,1,-0.183700,0
2020-02-26,sh.600958,10.6700,10.9700,10.6100,10.6900,10.8700,58683761,633543027.0000,3,1.033600,1,-1.655900,0
2020-02-27,sh.600958,10.7200,10.8900,10.5900,10.6200,10.6900,45503956,487550599.0000,3,0.801500,1,-0.654800,0
2020-02-28,sh.600958,10.2500,10.4500,9.9600,9.9700,10.6200,65540558,667132414.0000,3,1.154400,1,-6.120500,0
2020-03-02,sh.600958,10.1000,10.5200,10.0200,10.4400,9.9700,54023774,557195122.0000,3,0.951600,1,4.714100,0
2020-03-03,sh.600958,10.6000,10.7800,10.4100,10.4800,10.4400,46806954,495861001.0000,3,0.824400,1,0.383100,0
2020-03-04,sh.600958,10.4600,10.7500,10.4300,10.7300,10.4800,59368554,631159858.0000,3,1.045700,1,2.385500,0
2020-03-05,sh.600958,10.9300,11.1800,10.7200,10.9900,10.7300,79664529,873622782.0000,3,1.403200,1,2.423100,0
2020-03-06,sh.600958,10.9500,10.9500,10.7200,10.7400,10.9900,45384865,490658507.0000,3,0.799400,1,-2.274800,0
2020-03-09,sh.600958,10.5100,10.6800,10.3700,10.3800,10.7400,54489827,572833686.0000,3,0.959800,1,-3.352000,0
2020-03-10,sh.600958,10.3600,10.7200,10.2500,10.6800,10.3800,58073422,611063909.0000,3,1.022900,1,2.890200,0
2020-03-11,sh.600958,10.7200,10.8100,10.5000,10.5000,10.6800,40890109,436421732.0000,3,0.720200,1,-1.685400,0
2020-03-12,sh.600958,10.3600,10.5100,10.2500,10.3400,10.5000,37949382,393662745.0000,3,0.668400,1,-1.523800,0
2020-03-13,sh.600958,9.9100,10.3500,9.8200,10.1800,10.3400,52163289,522933251.0000,3,0.918800,1,-1.547400,0
2020-03-16,sh.600958,10.3000,10.3200,9.6200,9.6700,10.1800,52101533,521211241.0000,3,0.917700,1,-5.009800,0
2020-03-17,sh.600958,9.8700,9.9500,9.4800,9.6600,9.6700,38759978,375758491.0000,3,0.682700,1,-0.103400,0
2020-03-18,sh.600958,9.7100,9.8400,9.3600,9.3700,9.6600,35682900,344292655.0000,3,0.628500,1,-3.002100,0
2020-03-19,sh.600958,9.4000,9.6800,9.1000,9.4700,9.3700,37412578,352194582.0000,3,0.659000,1,1.067200,0
2020-03-20,sh.600958,9.5000,9.5500,9.3100,9.4900,9.4700,30647339,289772471.0000,3,0.539800,1,0.211200,0
2020-03-23,sh.600958,9.2300,9.3400,9.1100,9.1200,9.4900,27364828,252493659.0000,3,0.482000,1,-3.898800,0
2020-03-24,sh.600958,9.2800,9.3500,9.0600,9.2700,9.1200,30365142,279768065.0000,3,0.534800,1,1.644700,0
2020-03-25,sh.600958,9.4600,9.4700,9.3200,9.3900,9.2700,29941233,281339452.0000,3,0.527400,1,1.294500,0
2020-03-26,sh.600958,9.3300,9.3700,9.1900,9.2000,9.3900,21523662,200102832.0000,3,0.379100,1,-2.023400,0
2020-03-27,sh.600958,9.3000,9.4100,9.2200,9.2600,9.2000,26506236,246398694.0000,3,0.466900,1,0.652200,0
2020-03-30,sh.600958,9.1900,9.1900,9.0100,9.0900,9.2600,25375180,230609192.0000,3,0.447000,1,-1.835900,0
2020-03-31,sh.600958,9.2000,9.2700,9.0900,9.1200,9.0900,23151742,212206715.0000,3,0.407800,1,0.330000,0
2020-04-01,sh.600958,9.1300,9.3000,9.1100,9.1500,9.1200,26022463,239912677.0000,3,0.458400,1,0.328900,0
2020-04-02,sh.600958,9.1000,9.4500,9.0500,9.4400,9.1500,28696290,267217972.0000,3,0.505500,1,3.169400,0
2020-04-03,sh.600958,9.4300,9.5300,9.3300,9.4100,9.4400,29181262,275374348.0000,3,0.514000,1,-0.317800,0
2020-04-07,sh.600958,9.5500,9.6700,9.4700,9.6000,9.4100,35533121,340259350.0000,3,0.625900,1,2.019100,0
2020-04-08,sh.600958,9.5300,9.6600,9.5100,9.6000,9.6000,21865927,209333745.0000,3,0.385100,1,0.000000,0
2020-04-09,sh.600958,9.7000,9.7800,9.6000,9.6100,9.6000,20778771,201083432.0000,3,0.366000,1,0.104200,0
2020-04-10,sh.600958,9.6400,9.6400,9.4200,9.4400,9.6100,17569946,166664408.0000,3,0.309500,1,-1.769000,0
2020-04-13,sh.600958,9.4000,9.4500,9.3300,9.3800,9.4400,13352258,125250222.0000,3,0.235200,1,-0.635600,0
2020-04-14,sh.600958,9.4300,9.6500,9.4000,9.5600,9.3800,21925336,208668001.0000,3,0.386200,1,1.919000,0
2020-04-15,sh.600958,9.5800,9.7500,9.5200,9.5300,9.5600,24637980,237086641.0000,3,0.434000,1,-0.313800,0
2020-04-16,sh.600958,9.4100,9.6200,9.4000,9.4900,9.5300,24291131,230542503.0000,3,0.427900,1,-0.419700,0
2020-04-17,sh.600958,9.5900,9.5900,9.4200,9.4400,9.4900,16986341,161356312.0000,3,0.299200,1,-0.526900,0
2020-04-20,sh.600958,9.4800,9.4900,9.3700,9.4100,9.4400,14478197,136248360.0000,3,0.255000,1,-0.317800,0
2020-04-21,sh.600958,9.3700,9.4000,9.1900,9.2300,9.4100,16912097,156831507.0000,3,0.297900,1,-1.912900,0
2020-04-22,sh.600958,9.1800,9.2900,9.1600,9.2700,9.2300,11543298,106715091.0000,3,0.203300,1,0.433400,0
2020-04-23,sh.600958,9.3300,9.5500,9.2800,9.4200,9.2700,23966661,225797863.0000,3,0.422100,1,1.618100,0
2020-04-24,sh.600958,9.3600,9.4400,9.1400,9.2000,9.4200,18825735,174653544.0000,3,0.331600,1,-2.335500,0
2020-04-27,sh.600958,9.2100,9.2900,9.1300,9.1700,9.2000,14925942,137492980.0000,3,0.262900,1,-0.326100,0
2020-04-28,sh.600958,9.2500,9.3100,9.0700,9.2100,9.1700,17314441,159693740.0000,3,0.305000,1,0.436200,0
2020-04-29,sh.600958,9.1600,9.3000,9.1600,9.2500,9.2100,11158553,103063721.0000,3,0.196500,1,0.434300,0
2020-04-30,sh.600958,9.2700,9.4400,9.2400,9.4000,9.2500,25447785,238015446.0000,3,0.448200,1,1.621600,0
2020-05-06,sh.600958,9.2200,9.3600,9.1900,9.3500,9.4000,23799998,220809883.0000,3,0.419200,1,-0.531900,0
2020-05-07,sh.600958,9.3000,9.4100,9.2800,9.3500,9.3500,22499302,210414911.0000,3,0.396300,1,0.000000,0
2020-05-08,sh.600958,9.4000,9.6500,9.3800,9.5200,9.3500,27563841,261771374.0000,3,0.485500,1,1.818200,0
2020-05-11,sh.600958,9.5400,9.5900,9.3800,9.4200,9.5200,17556690,166265354.0000,3,0.309200,1,-1.050400,0
2020-05-12,sh.600958,9.4900,9.5500,9.3800,9.4500,9.4200,16190204,153199192.0000,3,0.285200,1,0.318500,0
2020-05-13,sh.600958,9.4000,9.5000,9.3800,9.4900,9.4500,11493767,108687218.0000,3,0.202400,1,0.423300,0
2020-05-14,sh.600958,9.4200,9.4600,9.3400,9.3500,9.4900,12909481,121260571.0000,3,0.227400,1,-1.475200,0
2020-05-15,sh.600958,9.4000,9.4500,9.3700,9.3900,9.3500,10199896,96037919.0000,3,0.179700,1,0.427800,0
2020-05-18,sh.600958,9.4100,9.4500,9.3100,9.3400,9.3900,15375297,144274795.0000,3,0.270800,1,-0.532500,0
2020-05-19,sh.600958,9.3600,9.4300,9.3400,9.3700,9.3400,12600917,118149731.0000,3,0.222000,1,0.321200,0
2020-05-20,sh.600958,9.3200,9.4100,9.2900,9.3000,9.3700,13108001,122350207.0000,3,0.230900,1,-0.747100,0
2020-05-21,sh.600958,9.3300,9.3800,9.2300,9.2300,9.3000,8695849,80732605.0000,3,0.153200,1,-0.752700,0
2020-05-22,sh.600958,9.2100,9.2600,9.0900,9.0900,9.2300,14786545,135606636.0000,3,0.260400,1,-1.516800,0
2020-05-25,sh.600958,9.0900,9.1800,9.0800,9.1200,9.0900,9984921,91188320.0000,3,0.175900,1,0.330000,0
2020-05-26,sh.600958,9.1900,9.3300,9.1500,9.2600,9.1200,11787101,108855615.0000,3,0.207600,1,1.535100,0
2020-05-27,sh.600958,9.2300,9.2800,9.1500,9.1600,9.2600,8556540,78729666.0000,3,0.150700,1,-1.079900,0
2020-05-28,sh.600958,9.1800,9.3800,9.1700,9.2800,9.1600,15422725,143182062.0000,3,0.271700,1,1.310000,0
2020-05-29,sh.600958,9.2500,9.2800,9.1600,9.1700,9.2800,10707031,98699980.0000,3,0.188600,1,-1.185300,0
2020-06-01,sh.600958,9.3500,9.5500,9.3400,9.4700,9.1700,33008684,312188716.0000,3,0.581400,1,3.271500,0
2020-06-02,sh.600958,9.4600,9.5500,9.3900,9.4400,9.4700,14349469,135819214.0000,3,0.252700,1,-0.316800,0
2020-06-03,sh.600958,9.5000,9.5000,9.3500,9.3700,9.4400,14210141,134053467.0000,3,0.250300,1,-0.741500,0
2020-06-04,sh.600958,9.3800,9.4300,9.3200,9.3300,9.3700,10740471,100570954.0000,3,0.189200,1,-0.426900,0
2020-06-05,sh.600958,9.3500,9.4300,9.3000,9.3800,9.3300,13606985,127369809.0000,3,0.239700,1,0.535900,0
2020-06-08,sh.600958,9.4100,9.4400,9.3300,9.3400,9.3800,11981566,112356131.0000,3,0.211000,1,-0.426400,0
2020-06-09,sh.600958,9.3400,9.4500,9.3100,9.3800,9.3400,15098447,141807406.0000,3,0.265900,1,0.428300,0
2020-06-10,sh.600958,9.3900,9.4100,9.2600,9.2900,9.3800,12244238,113923286.0000,3,0.215700,1,-0.959500,0
2020-06-11,sh.600958,9.2700,9.3700,9.1900,9.2000,9.2900,19792019,183301969.0000,3,0.348600,1,-0.968800,0
2020-06-12,sh.600958,9.0900,9.1700,9.0600,9.1500,9.2000,22954858,209232974.0000,3,0.404300,1,-0.543500,0
2020-06-15,sh.600958,9.1600,9.2600,9.0700,9.0700,9.1500,21701397,198746742.0000,3,0.382200,1,-0.874300,0
2020-06-16,sh.600958,9.1200,9.1600,9.1000,9.1400,9.0700,17229788,157254509.0000,3,0.303500,1,0.771800,0
2020-06-17,sh.600958,9.1600,9.1600,9.0800,9.1200,9.1400,15489757,141193080.0000,3,0.272800,1,-0.218800,0
2020-06-18,sh.600958,9.1100,9.3000,9.1000,9.1900,9.1200,19646130,180544903.0000,3,0.346000,1,0.767500,0
2020-06-19,sh.600958,9.1900,9.4500,9.1600,9.3800,9.1900,45181126,421222080.0000,3,0.795800,1,2.067500,0
2020-06-22,sh.600958,9.3900,9.8500,9.3600,9.5700,9.3800,64016475,617837115.0000,3,1.127600,1,2.025600,0
2020-06-23,sh.600958,9.5700,9.7400,9.5100,9.7400,9.5700,42993253,413930844.0000,3,0.757300,1,1.776400,0
2020-06-24,sh.600958,9.7300,9.8400,9.6100,9.6300,9.7400,27604665,267421399.0000,3,0.486200,1,-1.129400,0
2020-06-29,sh.600958,9.4100,9.4200,9.2000,9.2200,9.4800,25496686,236280313.0000,3,0.449100,1,-2.742600,0
2020-06-30,sh.600958,9.3300,9.6700,9.2200,9.4900,9.2200,36196101,340995151.0000,3,0.637600,1,2.928400,0
2020-07-01,sh.600958,9.4500,9.7500,9.4300,9.6800,9.4900,47846758,461431639.0000,3,0.842800,1,2.002100,0
2020-07-02,sh.600958,9.7600,10.4400,9.7000,10.4000,9.6800,106098042,1075853178.0000,3,1.868800,1,7.438000,0
2020-07-03,sh.600958,10.5900,11.1700,10.4700,11.1600,10.4000,145288863,1567066892.0000,3,2.559100,1,7.307700,0
2020-07-06,sh.600958,11.6700,12.2800,11.5500,12.2800,11.1600,172194492,2075724217.0000,3,3.033000,1,10.035800,0
2020-07-07,sh.600958,12.5300,12.6000,11.7200,12.0000,12.2800,167137146,2035140128.0000,3,2.943900,1,-2.280100,0
2020-07-08,sh.600958,11.9800,13.2000,11.8800,13.0700,12.0000,162968169,2064264981.0000,3,2.870500,1,8.916700,0
2020-07-09,sh.600958,12.9500,13.8000,12.6000,13.1500,13.0700,172519812,2269473775.0000,3,3.038700,1,0.612100,0
2020-07-10,sh.600958,12.8200,13.1100,12.6400,12.6700,13.1500,103186357,1326179240.0000,3,1.817500,1,-3.650200,0
2020-07-13,sh.600958,12.6500,13.1300,12.4700,12.7900,12.6700,103279499,1321584447.0000,3,1.819100,1,0.947100,0
2020-07-14,sh.600958,12.7200,12.9500,12.4300,12.6200,12.7900,77348948,981273265.0000,3,1.362400,1,-1.329200,0
2020-07-15,sh.600958,12.8000,13.4500,12.6400,12.6700,12.6200,155542091,2031077042.0000,3,2.739700,1,0.396200,0
2020-07-16,sh.600958,12.4600,13.1300,11.9800,12.0400,12.6700,145655475,1843888274.0000,3,2.565500,1,-4.972400,0
2020-07-17,sh.600958,12.0700,12.1800,11.1700,11.3400,12.0400,124772670,1447363687.0000,3,2.197700,1,-5.814000,0
2020-07-20,sh.600958,11.6600,12.2800,11.6100,12.2500,11.3400,102460111,1226645222.0000,3,1.804700,1,8.024700,0
2020-07-21,sh.600958,12.1900,12.3300,11.8000,11.9500,12.2500,68887788,825627276.1400,3,1.213400,1,-2.449000,0
2020-07-22,sh.600958,12.0000,12.4700,11.9100,12.0200,11.9500,85736054,1045036520.8200,3,1.510100,1,0.585800,0
2020-07-23,sh.600958,11.9300,12.1000,11.6600,12.0500,12.0200,65017798,774535772.5100,3,1.145200,1,0.249600,0
2020-07-24,sh.600958,12.0000,12.0400,11.1600,11.2700,12.0500,74868882,864332192.9900,3,1.318700,1,-6.473000,0
2020-07-27,sh.600958,11.3300,11.4700,11.1100,11.3700,11.2700,38574341,435558723.5400,3,0.679400,1,0.887300,0
2020-07-28,sh.600958,11.5000,11.5500,11.2100,11.3000,11.3700,31388496,356256629.2600,3,0.552900,1,-0.615700,0
2020-07-29,sh.600958,11.3200,11.7500,11.2200,11.6500,11.3000,55978778,648704199.3600,3,0.986000,1,3.097300,0
2020-07-30,sh.600958,11.6700,11.9000,11.5100,11.6800,11.6500,45194187,529551972.3200,3,0.796000,1,0.257500,0
2020-07-31,sh.600958,11.6500,12.0500,11.5000,11.7100,11.6800,56569495,666725349.0400,3,0.996400,1,0.256800,0
2020-08-03,sh.600958,11.9000,12.0300,11.7300,11.9800,11.7100,57785136,687292697.6100,3,1.017800,1,2.305700,0
2020-08-04,sh.600958,11.9800,12.1500,11.8000,11.8500,11.9800,52139063,623508570.3400,3,0.918400,1,-1.085100,0
2020-08-05,sh.600958,11.8600,11.9500,11.6900,11.8300,11.8500,34099684,402858766.2000,3,0.600600,1,-0.168800,0
2020-08-06,sh.600958,11.9400,12.5000,11.8600,12.3700,11.8300,102085697,1245547088.0500,3,1.798100,1,4.564700,0
2020-08-07,sh.600958,12.2900,13.0600,12.1800,12.5800,12.3700,173372418,2199044261.7600,3,3.053800,1,1.697700,0
2020-08-10,sh.600958,12.2400,12.9700,12.0500,12.5600,12.5800,114039388,1420317329.9700,3,2.008700,1,-0.159000,0
2020-08-11,sh.600958,12.5900,12.8300,11.9800,11.9900,12.5600,93143960,1162186838.4100,3,1.640600,1,-4.538200,0
2020-08-12,sh.600958,11.9500,12.0900,11.5100,11.7400,11.9900,72484956,852361088.7900,3,1.276700,1,-2.085100,0
2020-08-13,sh.600958,11.8000,11.9200,11.6200,11.7000,11.7400,42470779,499026448.4800,3,0.748100,1,-0.340700,0
2020-08-14,sh.600958,11.6200,11.8900,11.5500,11.8600,11.7000,41666664,488554481.1000,3,0.733900,1,1.367500,0
2020-08-17,sh.600958,12.1000,12.8600,12.0600,12.5800,11.8600,106309930,1325801863.4200,3,1.872500,1,6.070800,0
2020-08-18,sh.600958,12.6000,12.7900,12.4600,12.5300,12.5800,64573876,815687958.0300,3,1.137400,1,-0.397500,0
2020-08-19,sh.600958,12.5400,12.6900,12.2700,12.3000,12.5300,51953453,649105441.6800,3,0.915100,1,-1.835600,0
2020-08-20,sh.600958,12.2600,12.4400,11.9600,11.9700,12.3000,44547387,539776414.5700,3,0.784600,1,-2.682900,0
2020-08-21,sh.600958,12.1300,12.2600,11.9900,12.1000,11.9700,46136358,558712981.4900,3,0.812600,1,1.086000,0
2020-08-24,sh.600958,12.2100,12.4200,12.0800,12.1100,12.1000,45522509,556953639.1800,3,0.801800,1,0.082600,0
2020-08-25,sh.600958,12.0800,12.2600,11.9400,11.9600,12.1100,43582814,526828128.1300,3,0.767700,1,-1.238600,0
2020-08-26,sh.600958,11.9300,12.0200,11.6400,11.6700,11.9600,51627927,608867931.5100,3,0.909400,1,-2.424700,0
2020-08-27,sh.600958,11.6900,11.8300,11.6200,11.7300,11.6700,28180160,330114629.9500,3,0.496400,1,0.514100,0
2020-08-28,sh.600958,11.7300,12.0500,11.6300,11.9800,11.7300,45405304,538788313.4500,3,0.799800,1,2.131300,0
2020-08-31,sh.600958,12.0000,12.3000,11.8100,11.8100,11.9800,73971579,896355336.8100,3,1.302900,1,-1.419000,0
2020-09-01,sh.600958,11.7600,11.8800,11.6500,11.8000,11.8100,42231986,495917811.2100,3,0.743900,1,-0.084700,0
2020-09-02,sh.600958,11.8300,11.9000,11.6100,11.7800,11.8000,43957250,516809677.2900,3,0.774300,1,-0.169500,0
2020-09-03,sh.600958,11.7800,11.9800,11.7300,11.8000,11.7800,48601793,576969598.1700,3,0.856100,1,0.169800,0
2020-09-04,sh.600958,11.6000,11.7300,11.5800,11.6500,11.8000,32834514,382057725.2600,3,0.578300,1,-1.271200,0
2020-09-07,sh.600958,11.6100,11.7000,11.2700,11.2700,11.6500,34864661,401401333.2100,3,0.614100,1,-3.261800,0
2020-09-08,sh.600958,11.2800,11.4400,11.0200,11.3100,11.2700,54353362,611028083.7400,3,0.957400,1,0.354900,0
2020-09-09,sh.600958,11.1300,11.2400,11.0000,11.0400,11.3100,41073026,456474055.7300,3,0.723500,1,-2.387300,0
2020-09-10,sh.600958,11.1700,11.1800,10.7700,10.8000,11.0400,37894247,416580809.9800,3,0.667500,1,-2.173900,0
2020-09-11,sh.600958,10.7900,10.8900,10.6400,10.7900,10.8000,26293705,283341763.3900,3,0.463100,1,-0.092600,0
2020-09-14,sh.600958,10.8100,10.9100,10.7000,10.8100,10.7900,24986477,269856438.8300,3,0.440100,1,0.185400,0
2020-09-15,sh.600958,10.7600,10.8500,10.7300,10.8400,10.8100,22265052,240360337.5600,3,0.392200,1,0.277500,0
2020-09-16,sh.600958,10.8400,10.9000,10.6300,10.7200,10.8400,37387040,402951359.7200,3,0.658500,1,-1.107000,0
2020-09-17,sh.600958,10.6600,10.7900,10.5600,10.7000,10.7200,24497415,261095062.5600,3,0.431500,1,-0.186600,0
2020-09-18,sh.600958,10.7200,11.2100,10.6700,11.1800,10.7000,58589753,644213781.9700,3,1.032000,1,4.486000,0
2020-09-21,sh.600958,11.4300,11.5000,11.0000,11.0100,11.1800,62896031,703116948.3000,3,1.107800,1,-1.520600,0
2020-09-22,sh.600958,10.9000,11.3200,10.8800,10.9400,11.0100,60561738,670463912.6500,3,1.066700,1,-0.635800,0
2020-09-23,sh.600958,10.9800,11.1300,10.9300,10.9600,10.9400,36405309,400914119.1800,3,0.641200,1,0.182800,0
2020-09-24,sh.600958,10.9400,11.0200,10.7600,10.8000,10.9600,29162651,316861748.4100,3,0.513700,1,-1.459900,0
2020-09-25,sh.600958,10.8500,11.8800,10.7800,11.8800,10.8000,218932736,2547413214.4400,3,3.856200,1,10.000000,0
2020-09-28,sh.600958,11.6500,11.7500,11.3100,11.4100,11.8800,125022498,1437761221.4500,3,2.202100,1,-3.956200,0
2020-09-29,sh.600958,11.5100,11.5600,11.3500,11.4100,11.4100,87884821,1005262118.8900,3,1.548000,1,0.000000,0
2020-09-30,sh.600958,11.4300,11.4700,10.9600,11.0300,11.4100,98878134,1104952683.3800,3,1.741600,1,-3.330400,0
2020-10-09,sh.600958,11.1700,11.3400,11.0800,11.2900,11.0300,63845976,715918031.5100,3,1.124600,1,2.357200,0
2020-10-12,sh.600958,11.4500,11.7100,11.3000,11.7000,11.2900,96705097,1120414959.7100,3,1.703300,1,3.631500,0
2020-10-13,sh.600958,11.5500,11.5600,11.3100,11.4600,11.7000,61631040,704798662.8700,3,1.085600,1,-2.051300,0
2020-10-14,sh.600958,11.4500,11.5000,11.2400,11.2800,11.4600,35953989,407191481.5400,3,0.633300,1,-1.570700,0
2020-10-15,sh.600958,11.3000,11.6800,11.3000,11.4200,11.2800,60513336,696462766.8500,3,1.065900,1,1.241100,0
2020-10-16,sh.600958,11.4400,11.6200,11.3500,11.5300,11.4200,45941082,528110745.1700,3,0.809200,1,0.963200,0
2020-10-19,sh.600958,11.6300,11.7800,11.3400,11.3800,11.5300,49826264,576238977.9300,3,0.877600,1,-1.301000,0
2020-10-20,sh.600958,11.3000,11.4100,11.2000,11.4100,11.3800,30497368,344524403.0500,3,0.537200,1,0.263600,0
2020-10-21,sh.600958,11.3900,11.4100,11.2200,11.3300,11.4100,28647800,323532762.0000,3,0.504600,1,-0.701100,0
2020-10-22,sh.600958,11.2800,11.5100,11.2400,11.3800,11.3300,33917385,384850211.2500,3,0.597400,1,0.441300,0
2020-10-23,sh.600958,11.3800,11.4700,11.2000,11.2000,11.3800,32130842,364954804.0700,3,0.565900,1,-1.581700,0
2020-10-26,sh.600958,11.0500,11.0700,10.8500,10.8900,11.2000,42798812,468119714.4000,3,0.753900,1,-2.767900,0
2020-10-27,sh.600958,10.8700,11.0500,10.8700,10.9900,10.8900,26957653,295725581.9200,3,0.474800,1,0.918300,0
2020-10-28,sh.600958,10.9300,11.1400,10.8800,11.0500,10.9900,25011910,275567350.5900,3,0.440600,1,0.546000,0
2020-10-29,sh.600958,10.9000,11.2600,10.8600,11.1600,11.0500,32792195,363170904.3200,3,0.577600,1,0.995500,0
2020-10-30,sh.600958,11.0900,11.2400,10.7200,10.7400,11.1600,38902893,426297352.1000,3,0.685200,1,-3.763400,0
2020-11-02,sh.600958,10.7500,10.9800,10.4300,10.7000,10.7400,39295412,421944692.7900,3,0.692100,1,-0.372400,0
2020-11-03,sh.600958,10.7700,11.2000,10.7600,11.1300,10.7000,48965348,540132338.0700,3,0.862500,1,4.018700,0
2020-11-04,sh.600958,11.1200,11.2700,11.0400,11.1500,11.1300,32258097,359982601.8300,3,0.568200,1,0.179700,0
2020-11-05,sh.600958,11.2900,11.4500,11.2400,11.3600,11.1500,40988277,464672475.6100,3,0.722000,1,1.883400,0
2020-11-06,sh.600958,11.3500,11.6500,11.3000,11.4600,11.3600,56337132,646479727.5600,3,0.992300,1,0.880300,0
2020-11-09,sh.600958,11.5300,11.9600,11.4700,11.7500,11.4600,85083909,996119387.5700,3,1.498700,1,2.530500,0
2020-11-10,sh.600958,11.7300,11.8000,11.4600,11.5200,11.7500,47042741,546212905.0000,3,0.828600,1,-1.957400,0
2020-11-11,sh.600958,11.5600,11.6600,11.4000,11.4400,11.5200,40919001,471189026.4500,3,0.720700,1,-0.694400,0
2020-11-12,sh.600958,11.4300,11.5800,11.3100,11.4100,11.4400,32666538,373619603.3400,3,0.575400,1,-0.262200,0
2020-11-13,sh.600958,11.3500,11.4200,11.1500,11.3100,11.4100,40442675,455364391.9700,3,0.712300,1,-0.876400,0
2020-11-16,sh.600958,11.4000,11.6600,11.3000,11.6000,11.3100,51375793,591376783.0500,3,0.904900,1,2.564100,0
2020-11-17,sh.600958,11.5800,11.7200,11.3800,11.7000,11.6000,41752436,482852277.3100,3,0.735400,1,0.862100,0
2020-11-18,sh.600958,11.7500,11.8600,11.4800,11.5600,11.7000,50314985,586638261.4600,3,0.886200,1,-1.196600,0
2020-11-19,sh.600958,11.4500,11.6100,11.2900,11.6000,11.5600,36231080,415055485.7300,3,0.638200,1,0.346000,0
2020-11-20,sh.600958,11.5400,11.6000,11.4400,11.5200,11.6000,28057687,322934649.8200,3,0.494200,1,-0.689700,0
2020-11-23,sh.600958,11.4600,11.8800,11.3800,11.7100,11.5200,69820138,813719805.8200,3,1.229800,1,1.649300,0
2020-11-24,sh.600958,11.6500,11.8300,11.5400,11.5700,11.7100,39575775,462123616.8000,3,0.697100,1,-1.195600,0
2020-11-25,sh.600958,11.7000,11.7400,11.3200,11.3300,11.5700,38224080,440540062.6900,3,0.673300,1,-2.074300,0
2020-11-26,sh.600958,11.3400,11.4000,11.2100,11.2800,11.3300,34284120,387480004.9100,3,0.603900,1,-0.441300,0
2020-11-27,sh.600958,11.3000,11.5800,11.2600,11.5800,11.2800,47009597,537104766.0600,3,0.828000,1,2.659600,0
2020-11-30,sh.600958,11.7600,11.9800,11.5700,11.6100,11.5800,111108603,1312732584.6400,3,1.957000,1,0.259100,0
2020-12-01,sh.600958,11.6000,12.0300,11.4800,11.9000,11.6100,92836284,1089849476.7800,3,1.635200,1,2.497800,0
2020-12-02,sh.600958,11.9000,12.1400,11.8300,11.9300,11.9000,83440511,998372518.4300,3,1.469700,1,0.252100,0
2020-12-03,sh.600958,11.9000,12.1000,11.8500,11.9800,11.9300,63757664,763681577.4900,3,1.123000,1,0.419100,0
2020-12-04,sh.600958,11.9300,11.9300,11.6800,11.7700,11.9800,43328596,510155502.2700,3,0.763200,1,-1.752900,0
2020-12-07,sh.600958,11.8300,11.8700,11.5900,11.6100,11.7700,40589753,475340933.9500,3,0.714900,1,-1.359400,0
2020-12-08,sh.600958,11.6000,11.7300,11.5600,11.6200,11.6100,37091486,431605377.6600,3,0.653300,1,0.086100,0
2020-12-09,sh.600958,11.6000,11.7200,11.0800,11.1000,11.6200,60366864,689884647.6100,3,1.063300,1,-4.475000,0
2020-12-10,sh.600958,11.1100,11.1600,10.9000,11.0300,11.1000,52829389,582620806.9900,3,0.930500,1,-0.630600,0
2020-12-11,sh.600958,11.0200,11.1500,10.9300,11.0100,11.0300,53244527,588185918.5800,3,0.937800,1,-0.181300,0
2020-12-14,sh.600958,10.9500,11.0600,10.8400,10.9700,11.0100,37244499,407641578.9500,3,0.656000,1,-0.363300,0
2020-12-15,sh.600958,10.9200,11.0200,10.8500,10.9300,10.9700,28151023,307436240.6300,3,0.495800,1,-0.364600,0
2020-12-16,sh.600958,10.9900,11.0200,10.8400,10.8600,10.9300,30436690,332814790.8400,3,0.536100,1,-0.640400,0
2020-12-17,sh.600958,10.8400,11.1700,10.8100,11.1300,10.8600,50240327,553851867.0700,3,0.884900,1,2.486200,0
2020-12-18,sh.600958,11.0800,11.1700,11.0000,11.0700,11.1300,28473172,315521732.1800,3,0.501500,1,-0.539100,0
2020-12-21,sh.600958,11.0400,11.2000,11.0100,11.1300,11.0700,28598992,317710310.0600,3,0.503700,1,0.542000,0
2020-12-22,sh.600958,11.0600,11.1200,10.6900,10.7100,11.1300,38957721,424625949.5000,3,0.686200,1,-3.773600,0
2020-12-23,sh.600958,10.7200,10.9500,10.6500,10.9300,10.7100,45204071,488627295.0500,3,0.796200,1,2.054200,0
2020-12-24,sh.600958,10.9100,11.0400,10.7900,10.8400,10.9300,22476201,244842791.1900,3,0.395900,1,-0.823400,0
2020-12-25,sh.600958,10.8500,11.1500,10.8000,11.0700,10.8400,34549117,380074775.7400,3,0.608500,1,2.121800,0
2020-12-28,sh.600958,11.0600,11.2500,10.9800,11.1000,11.0700,39158211,434969584.5000,3,0.682600,1,0.271000,0
2020-12-29,sh.600958,11.0600,11.3200,11.0500,11.0800,11.1000,39114460,436552003.0600,3,0.681800,1,-0.180200,0
2020-12-30,sh.600958,11.0100,11.2500,10.9800,11.2100,11.0800,35070333,391040818.3900,3,0.611300,1,1.173300,0
2020-12-31,sh.600958,11.2500,11.7700,11.2400,11.6300,11.2100,96022338,1108238686.6600,3,1.673900,1,3.746700,0
2021-01-04,sh.600958,11.7100,11.7700,11.4300,11.5800,11.6300,71637850,829765281.2300,3,1.248800,1,-0.429900,0
2021-01-05,sh.600958,11.4600,11.6900,11.3800,11.5800,11.5800,63180485,729006553.2300,3,1.101400,1,0.000000,0
2021-01-06,sh.600958,11.5900,11.7300,11.3900,11.4700,11.5800,48863498,563074840.4500,3,0.851800,1,-0.949900,0
2021-01-07,sh.600958,11.5800,11.9500,11.3500,11.8200,11.4700,85971814,998925855.2600,3,1.498700,1,3.051400,0
2021-01-08,sh.600958,11.7800,11.7900,11.4700,11.4900,11.8200,71489273,827934211.8600,3,1.246200,1,-2.791900,0
2021-01-11,sh.600958,11.5500,11.6200,11.1100,11.1200,11.4900,59587804,677069112.5600,3,1.038700,1,-3.220200,0
2021-01-12,sh.600958,11.1100,11.6100,10.8600,11.5700,11.1200,95253136,1073168972.4700,3,1.660500,1,4.046800,0
2021-01-13,sh.600958,11.5500,11.5900,11.0500,11.0900,11.5700,66566223,752623260.8500,3,1.160400,1,-4.148700,0
2021-01-14,sh.600958,11.0600,11.2400,10.9700,10.9800,11.0900,52545262,582045687.0800,3,0.916000,1,-0.991900,0
2021-01-15,sh.600958,11.0300,11.2200,10.9000,11.0100,10.9800,40643004,449373540.4600,3,0.708500,1,0.273200,0
2021-01-18,sh.600958,11.0000,11.1700,10.9500,11.0400,11.0100,40984781,453147222.2300,3,0.714400,1,0.272500,0
2021-01-19,sh.600958,11.0600,11.2700,10.9800,11.1200,11.0400,43467929,483243860.9500,3,0.757700,1,0.724600,0
2021-01-20,sh.600958,11.1200,11.1700,10.9600,10.9900,11.1200,34559195,381809243.8100,3,0.602400,1,-1.169100,0
2021-01-21,sh.600958,11.0200,11.3000,10.9300,11.1100,10.9900,59347948,660913245.1300,3,1.034600,1,1.091900,0
2021-01-22,sh.600958,11.0600,11.3100,10.8200,10.9100,11.1100,58714769,648301213.3500,3,1.023500,1,-1.800200,0
2021-01-25,sh.600958,10.8900,10.9700,10.7400,10.8100,10.9100,45524186,493379794.8300,3,0.793600,1,-0.916600,0
2021-01-26,sh.600958,10.7700,10.8300,10.3000,10.3200,10.8100,54693466,576666321.0300,3,0.953400,1,-4.532800,0
2021-01-27,sh.600958,10.2800,10.3800,10.1600,10.2100,10.3200,35294148,362947863.7100,3,0.615200,1,-1.065900,0
2021-01-28,sh.600958,10.1100,10.3200,10.0700,10.2100,10.2100,36429558,372254317.6700,3,0.635000,1,0.000000,0
2021-01-29,sh.600958,10.3000,10.3200,10.0500,10.1600,10.2100,32463616,330665515.6100,3,0.565900,1,-0.489700,0
2021-02-01,sh.600958,10.1800,10.2400,10.0700,10.1900,10.1600,23983255,243756347.4900,3,0.418100,1,0.295300,0
2021-02-02,sh.600958,10.1900,10.2200,9.8200,9.9800,10.1900,53488163,534504249.6200,3,0.932400,1,-2.060800,0
2021-02-03,sh.600958,9.9500,10.1600,9.9000,10.0000,9.9800,34808862,349013312.8500,3,0.606800,1,0.200400,0
2021-02-04,sh.600958,9.9700,9.9800,9.6500,9.8100,10.0000,39157330,383773351.2700,3,0.682600,1,-1.900000,0
2021-02-05,sh.600958,9.8100,9.9000,9.6300,9.6500,9.8100,24110337,235622657.7300,3,0.420300,1,-1.631000,0
2021-02-08,sh.600958,9.5500,9.5600,9.1200,9.3400,9.6500,55167518,513504566.2700,3,0.961700,1,-3.212400,0
2021-02-09,sh.600958,9.3400,9.5600,9.2500,9.4900,9.3400,39295933,369802219.4200,3,0.685000,1,1.606000,0
2021-02-10,sh.600958,9.4900,9.7500,9.4400,9.6700,9.4900,34368694,330149091.0000,3,0.599100,1,1.896700,0
2021-02-18,sh.600958,9.8000,9.9200,9.7200,9.7900,9.6700,34522315,338729513.0600,3,0.601800,1,1.241000,0
2021-02-19,sh.600958,9.7100,10.0000,9.6800,10.0000,9.7900,43090724,426256940.1900,3,0.751200,1,2.145000,0
2021-02-22,sh.600958,10.0200,10.1700,9.8500,9.8700,10.0000,55139088,553287400.1800,3,0.961200,1,-1.300000,0
2021-02-23,sh.600958,9.8700,9.9700,9.7600,9.8200,9.8700,29412340,290545804.4000,3,0.512700,1,-0.506600,0
2021-02-24,sh.600958,9.8100,9.9500,9.7100,9.8100,9.8200,33402031,328448505.1000,3,0.582300,1,-0.101800,0
2021-02-25,sh.600958,9.8300,9.9300,9.7500,9.8500,9.8100,32561079,320541174.8200,3,0.567600,1,0.407700,0
2021-02-26,sh.600958,9.7600,9.8000,9.5400,9.5900,9.8500,39876941,384668097.1500,3,0.695100,1,-2.639600,0
2021-03-01,sh.600958,9.6000,9.6600,9.5600,9.6000,9.5900,26025360,249772825.7500,3,0.453700,1,0.104300,0
2021-03-02,sh.600958,9.6300,9.6700,9.4400,9.5000,9.6000,30585940,292739945.9000,3,0.533200,1,-1.041700,0
2021-03-03,sh.600958,9.4900,9.7100,9.4600,9.6900,9.5000,33984539,326765232.1700,3,0.592400,1,2.000000,0
2021-03-04,sh.600958,9.6500,9.7100,9.5400,9.5500,9.6900,29012832,279004689.2300,3,0.505800,1,-1.444800,0
2021-03-05,sh.600958,9.5100,9.8200,9.5000,9.7500,9.5500,48331388,470311798.5800,3,0.842500,1,2.094200,0
2021-03-08,sh.600958,9.8300,9.8900,9.6600,9.6800,9.7500,33306186,326184558.2900,3,0.580600,1,-0.717900,0
2021-03-09,sh.600958,9.7000,9.7700,9.4800,9.5000,9.6800,34947800,335156853.2800,3,0.609200,1,-1.859500,0
2021-03-10,sh.600958,9.5500,9.5800,9.3300,9.3500,9.5000,27943422,263271860.0000,3,0.487100,1,-1.578900,0
2021-03-11,sh.600958,9.3600,9.4800,9.3600,9.4500,9.3500,25597106,241101041.3300,3,0.446200,1,1.069500,0
2021-03-12,sh.600958,9.4300,9.5700,9.3000,9.5300,9.4500,37036256,349326308.7300,3,0.645600,1,0.846600,0
2021-03-15,sh.600958,9.4500,9.5000,9.3900,9.4200,9.5300,22909576,216470379.1700,3,0.399400,1,-1.154200,0
2021-03-16,sh.600958,9.4400,9.4900,9.3700,9.4600,9.4200,19377327,182875466.8800,3,0.337800,1,0.424600,0
2021-03-17,sh.600958,9.4500,9.5100,9.3900,9.4600,9.4600,22166675,209827636.5200,3,0.386400,1,0.000000,0
2021-03-18,sh.600958,9.4700,9.5200,9.3900,9.4000,9.4600,22746626,215131808.2300,3,0.396500,1,-0.634200,0
2021-03-19,sh.600958,9.3700,9.3700,9.2300,9.2300,9.4000,25645558,238174706.4600,3,0.447100,1,-1.808500,0
2021-03-22,sh.600958,9.2700,9.7500,9.2500,9.6100,9.2300,48704463,463128116.8200,3,0.849000,1,4.117000,0
2021-03-23,sh.600958,9.6100,9.8500,9.5400,9.7700,9.6100,49220701,477487350.3400,3,0.858000,1,1.664900,0
2021-03-24,sh.600958,9.7000,10.0500,9.7000,9.8500,9.7700,53760452,532893651.7200,3,0.937200,1,0.818800,0
2021-03-25,sh.600958,9.7400,9.9200,9.6400,9.6600,9.8500,32670224,318047952.4400,3,0.569500,1,-1.928900,0
2021-03-26,sh.600958,9.6600,9.7600,9.6400,9.6800,9.6600,20533390,199006538.2800,3,0.357900,1,0.207000,0
2021-03-29,sh.600958,9.6600,9.7400,9.5800,9.6900,9.6800,19784623,191204368.1500,3,0.344900,1,0.103300,0
2021-03-30,sh.600958,9.6700,9.7100,9.6000,9.6700,9.6900,16728841,161502312.5000,3,0.291600,1,-0.206400,0
2021-03-31,sh.600958,9.1000,9.2000,8.8500,8.8600,9.6700,98702480,888999548.8200,3,1.720600,1,-8.376400,0
2021-04-01,sh.600958,8.8600,8.8900,8.7500,8.8000,8.8600,39451827,347235144.9900,3,0.687700,1,-0.677200,0
2021-04-02,sh.600958,8.8000,8.8400,8.7700,8.7800,8.8000,29387608,258341519.2400,3,0.512300,1,-0.227300,0
2021-04-06,sh.600958,8.8000,8.8200,8.7800,8.8100,8.7800,23905970,210415014.0000,3,0.416700,1,0.341700,0
2021-04-07,sh.600958,8.8200,8.9100,8.7800,8.8600,8.8100,27518579,243317931.7200,3,0.479700,1,0.567500,0
2021-04-08,sh.600958,8.8500,8.9600,8.8000,8.8700,8.8600,31177192,277099694.3700,3,0.543500,1,0.112900,0
2021-04-09,sh.600958,8.8500,8.8600,8.7800,8.8100,8.8700,19439888,171363261.1000,3,0.338900,1,-0.676400,0
2021-04-12,sh.600958,8.7600,8.8400,8.7500,8.7600,8.8100,19839213,174281381.1100,3,0.345800,1,-0.567500,0
2021-04-13,sh.600958,8.7500,8.7900,8.7000,8.7900,8.7600,19566794,171199864.0200,3,0.341100,1,0.342500,0
2021-04-14,sh.600958,8.7800,8.8400,8.7700,8.8100,8.7900,17743625,156374873.2100,3,0.309300,1,0.227500,0
2021-04-15,sh.600958,8.7800,8.7800,8.7100,8.7500,8.8100,14316498,125000177.0500,3,0.249600,1,-0.681000,0
2021-04-16,sh.600958,8.7500,8.8400,8.7400,8.8200,8.7500,20056691,176374467.2200,3,0.349600,1,0.800000,0
2021-04-19,sh.600958,8.8000,8.9500,8.7500,8.9300,8.8200,32957927,292807167.7600,3,0.574500,1,1.247200,0
2021-04-20,sh.600958,8.9400,8.9600,8.7900,8.8200,8.9300,23586412,209110243.5000,3,0.411200,1,-1.231800,0
2021-04-21,sh.600958,8.7600,8.8600,8.7600,8.8000,8.8200,14839460,130604692.7600,3,0.258700,1,-0.226800,0
2021-04-22,sh.600958,8.8300,8.8500,8.7700,8.8000,8.8000,17410203,153368723.0600,3,0.303500,1,0.000000,0
2021-04-23,sh.600958,8.7700,8.8100,8.7200,8.7500,8.8000,16770230,146790548.7000,3,0.292300,1,-0.568200,0
2021-04-26,sh.600958,8.7300,8.7700,8.5400,8.5500,8.7500,30201830,261904773.7200,3,0.526500,1,-2.285700,0
2021-04-27,sh.600958,8.5900,8.6300,8.5200,8.5600,8.5500,24049067,206207413.2300,3,0.419200,1,0.117000,0
2021-04-28,sh.600958,8.5700,8.6100,8.5300,8.6100,8.5600,17105616,146705701.9000,3,0.298200,1,0.584100,0
2021-04-29,sh.600958,8.6000,8.8800,8.5800,8.8300,8.6100,42679926,375001951.6400,3,0.744000,1,2.555200,0
2021-04-30,sh.600958,8.8000,8.8900,8.7400,8.8100,8.8300,29220302,257457336.1700,3,0.509400,1,-0.226500,0
2021-05-06,sh.600958,8.8700,8.9100,8.7300,8.7800,8.8100,22207015,195432635.3600,3,0.387100,1,-0.340500,0
2021-05-07,sh.600958,8.7800,8.8100,8.7200,8.7600,8.7800,23084214,202258824.6400,3,0.402400,1,-0.227800,0
2021-05-10,sh.600958,8.7500,8.7700,8.6000,8.6700,8.7600,24623476,213710580.5500,3,0.429200,1,-1.027400,0
2021-05-11,sh.600958,8.6500,8.9100,8.6100,8.8400,8.6700,32857277,288207517.8200,3,0.572800,1,1.960800,0
2021-05-12,sh.600958,8.8000,8.8600,8.7700,8.8300,8.8400,18179279,160327424.4500,3,0.316900,1,-0.113100,0
2021-05-13,sh.600958,8.8000,8.9000,8.7900,8.8500,8.8300,19682472,174235071.6500,3,0.343100,1,0.226500,0
2021-05-14,sh.600958,8.8600,9.3000,8.8600,9.2700,8.8500,91648220,835891511.3800,3,1.597600,1,4.745800,0
2021-05-17,sh.600958,9.1600,9.1700,8.9500,9.0200,9.2700,57564127,520490816.4000,3,1.003500,1,-2.696900,0
2021-05-18,sh.600958,8.9700,9.1200,8.9200,9.0300,9.0200,31878833,288007334.4000,3,0.555700,1,0.110900,0
2021-05-19,sh.600958,8.9800,9.0400,8.9100,8.9400,9.0300,29193448,261612349.4400,3,0.508900,1,-0.996700,0
2021-05-20,sh.600958,8.9200,9.1100,8.9000,9.0400,8.9400,42791719,385125080.5600,3,0.745900,1,1.118600,0
2021-05-21,sh.600958,9.0500,9.0600,8.9000,8.9100,9.0400,31086228,278498774.5800,3,0.541900,1,-1.438100,0
2021-05-24,sh.600958,8.9300,9.1700,8.9200,9.0500,8.9100,42452994,384141536.1600,3,0.740000,1,1.571300,0
2021-05-25,sh.600958,9.0600,9.4200,9.0300,9.3500,9.0500,92125858,855466138.4200,3,1.605900,1,3.314900,0
2021-05-26,sh.600958,9.5000,9.8700,9.4000,9.5100,9.3500,122174813,1175600146.4300,3,2.129800,1,1.711200,0
2021-05-27,sh.600958,9.4600,9.6500,9.4000,9.5200,9.5100,71913539,684392261.3300,3,1.253600,1,0.105200,0
2021-05-28,sh.600958,9.5300,10.4700,9.4200,10.2500,9.5200,208072777,2095959026.3800,3,3.627100,1,7.668100,0
2021-05-31,sh.600958,10.1000,10.6500,10.0700,10.6200,10.2500,160987018,1665638281.3400,3,2.806300,1,3.609800,0
2021-06-01,sh.600958,10.5500,10.5700,10.1300,10.2300,10.6200,113120360,1164113548.1300,3,1.971900,1,-3.672300,0
2021-06-02,sh.600958,10.3000,10.3200,9.9200,9.9600,10.2300,76727060,772687902.3400,3,1.337500,1,-2.639300,0
2021-06-03,sh.600958,9.9000,10.2100,9.8500,9.9000,9.9600,79986853,800061489.1400,3,1.394300,1,-0.602400,0
2021-06-04,sh.600958,9.8000,10.2700,9.7500,9.9400,9.9000,82927916,828443227.5400,3,1.445600,1,0.404000,0
2021-06-07,sh.600958,9.9400,10.0200,9.7400,9.7800,9.9400,49915725,490996708.5300,3,0.870100,1,-1.609700,0
2021-06-08,sh.600958,9.7800,9.9400,9.7100,9.8300,9.7800,41501490,408486894.3000,3,0.723500,1,0.511200,0
2021-06-09,sh.600958,9.7800,9.8800,9.6600,9.7100,9.8300,33332927,325244495.9900,3,0.581100,1,-1.220800,0
2021-06-10,sh.600958,9.7000,9.8300,9.6500,9.7200,9.7100,37736840,367788846.1200,3,0.657800,1,0.103000,0
2021-06-11,sh.600958,9.7200,9.8200,9.4300,9.5100,9.7200,52280656,503489337.7400,3,0.911400,1,-2.160500,0
2021-06-15,sh.600958,9.5900,9.5900,9.3700,9.4000,9.5100,33944818,320875803.5600,3,0.591700,1,-1.156700,0
2021-06-16,sh.600958,9.3500,9.4500,9.2500,9.3600,9.4000,42348988,396058298.7400,3,0.738200,1,-0.425500,0
2021-06-17,sh.600958,9.3900,9.5200,9.3200,9.4900,9.3600,34238287,322656284.6100,3,0.596800,1,1.388900,0
2021-06-18,sh.600958,9.4500,9.7600,9.4200,9.7000,9.4900,43962802,422510348.9600,3,0.766400,1,2.212900,0
2021-06-21,sh.600958,9.7200,9.8100,9.5700,9.6200,9.7000,33820920,326918611.6600,3,0.589600,1,-0.824700,0
2021-06-22,sh.600958,9.8500,9.8900,9.6200,9.6400,9.6200,45376219,442316688.1500,3,0.791000,1,0.207900,0
2021-06-23,sh.600958,9.6000,9.7100,9.4600,9.6300,9.6400,38705900,371085804.2100,3,0.674700,1,-0.103700,0
2021-06-24,sh.600958,9.6300,9.8300,9.6100,9.7700,9.6300,44990512,438806604.8600,3,0.784300,1,1.453800,0
2021-06-25,sh.600958,9.7700,10.3600,9.7400,10.1700,9.7700,92325858,931606705.5500,3,1.609400,1,4.094200,0
2021-06-28,sh.600958,10.2500,10.5800,10.1800,10.3300,10.1700,100480622,1042204615.0400,3,1.751600,1,1.573300,0
2021-06-29,sh.600958,10.1800,10.2300,9.9300,9.9300,10.3300,64540125,647800500.6900,3,1.125100,1,-3.872200,0
2021-06-30,sh.600958,9.9700,10.0300,9.8000,9.9900,9.9300,41844832,415000469.1300,3,0.729400,1,0.604200,0
2021-07-01,sh.600958,10.0900,10.2400,9.6800,9.7000,9.9900,55945928,555558685.1100,3,0.975200,1,-2.902900,0
2021-07-02,sh.600958,9.8400,10.0600,9.5900,9.6300,9.7000,67895061,666637732.8000,3,1.183500,1,-0.721600,0
2021-07-05,sh.600958,9.5300,10.0800,9.5200,10.0400,9.6300,68411157,678143089.4800,3,1.192500,1,4.257500,0
2021-07-06,sh.600958,9.9200,9.9700,9.7300,9.8800,10.0400,55939995,549183701.2900,3,0.975100,1,-1.593600,0
2021-07-07,sh.600958,9.8000,9.9200,9.7700,9.8600,9.8800,34078665,335347989.0100,3,0.594100,1,-0.202400,0
2021-07-08,sh.600958,9.7400,9.7400,9.4100,9.4500,9.6100,42721849,408389793.3700,3,0.744700,1,-1.664900,0
2021-07-09,sh.600958,9.3800,9.6300,9.3400,9.5700,9.4500,40974903,389934489.4200,3,0.714300,1,1.269800,0
2021-07-12,sh.600958,9.7600,10.5300,9.7600,10.5300,9.5700,232004808,2414384893.2900,3,4.044300,1,10.031300,0
2021-07-13,sh.600958,10.4900,11.1800,10.4100,10.7800,10.5300,239926928,2597737256.6800,3,4.182400,1,2.374200,0
2021-07-14,sh.600958,10.8500,11.3900,10.2500,10.2800,10.7800,203980933,2199802201.3100,3,3.555800,1,-4.638200,0
2021-07-15,sh.600958,10.3400,10.4300,10.0300,10.2800,10.2800,125680652,1281289792.6600,3,2.190900,1,0.000000,0
2021-07-16,sh.600958,10.4600,11.1800,10.3500,10.6500,10.2800,206542988,2224281716.7500,3,3.600500,1,3.599200,0
2021-07-19,sh.600958,10.4600,11.3000,10.4600,11.1000,10.6500,188830364,2062990301.1100,3,3.291700,1,4.225400,0
2021-07-20,sh.600958,10.9500,11.7200,10.8900,11.2000,11.1000,158180294,1778681643.3100,3,2.757400,1,0.900900,0
2021-07-21,sh.600958,11.0900,11.4200,10.8500,10.9600,11.2000,141332142,1562299442.8600,3,2.463700,1,-2.142900,0
2021-07-22,sh.600958,10.9400,11.8700,10.8100,11.5500,10.9600,183227890,2084078664.5500,3,3.194000,1,5.383200,0
2021-07-23,sh.600958,11.5500,12.7100,11.4000,12.4100,11.5500,343748576,4225185703.2000,3,5.992200,1,7.445900,0
2021-07-26,sh.600958,12.3000,12.9700,11.9000,12.0700,12.4100,303567088,3784663237.3900,3,5.291800,1,-2.739700,0
2021-07-27,sh.600958,12.0700,12.2200,11.2600,11.5000,12.0700,214825429,2542480998.3800,3,3.744800,1,-4.722500,0
2021-07-28,sh.600958,11.4000,11.6300,10.9200,11.0200,11.5000,158618014,1772540920.3700,3,2.765000,1,-4.173900,0
2021-07-29,sh.600958,11.2500,11.5400,11.1100,11.3300,11.0200,156397810,1767433309.1800,3,2.726300,1,2.813100,0
2021-07-30,sh.600958,11.2000,11.2000,10.7700,10.9200,11.3300,110360835,1206786013.1800,3,1.923800,1,-3.618700,0
2021-08-02,sh.600958,10.8200,12.0100,10.6800,12.0100,10.9200,167700513,1930603017.8600,3,2.923400,1,9.981700,0
2021-08-03,sh.600958,12.0100,13.2100,11.9000,12.6300,12.0100,407308432,5175043754.7600,3,7.100200,1,5.162400,0
2021-08-04,sh.600958,12.7000,13.0700,12.2700,12.8500,12.6300,282630880,3591626212.1700,3,4.926800,1,1.741900,0
2021-08-05,sh.600958,12.7200,12.8100,12.1400,12.2600,12.8500,177428576,2197314271.9700,3,3.092900,1,-4.591400,0
2021-08-06,sh.600958,12.2500,12.8500,12.1800,12.3200,12.2600,179202959,2230591285.7600,3,3.123900,1,0.489400,0
2021-08-09,sh.600958,12.2600,13.5500,12.2200,13.5500,12.3200,328987360,4409739285.3100,3,5.734900,1,9.983800,0
2021-08-10,sh.600958,13.2900,14.5000,13.1500,14.1200,13.5500,373983504,5164025690.0400,3,6.519300,1,4.206600,0
2021-08-11,sh.600958,14.0000,14.1900,13.6200,13.7000,14.1200,212550103,2941508676.6000,3,3.705200,1,-2.974500,0
2021-08-12,sh.600958,13.8100,14.0500,13.5000,13.9600,13.7000,182250782,2508288301.6000,3,3.177000,1,1.897800,0
2021-08-13,sh.600958,13.8400,13.8800,13.2300,13.6100,13.9600,160298596,2170874949.1700,3,2.794300,1,-2.507200,0
2021-08-16,sh.600958,13.7200,14.6800,13.5700,14.0000,13.6100,238481309,3394965904.5700,3,4.157200,1,2.865500,0
2021-08-17,sh.600958,13.8100,15.3100,13.7600,14.1000,14.0000,282634864,4094110190.5500,3,4.926900,1,0.714300,0
2021-08-18,sh.600958,14.0000,15.5100,13.9400,15.5100,14.1000,279484400,4187670036.4800,3,4.872000,1,10.000000,0
2021-08-19,sh.600958,17.0600,17.0600,16.1200,16.2200,15.5100,717113280,12104149565.3800,3,12.500700,1,4.577700,0
2021-08-20,sh.600958,16.1300,16.6500,15.7500,16.0100,16.2200,426656944,6943389124.5200,3,7.437500,1,-1.294700,0
2021-08-23,sh.600958,16.5000,17.0800,16.1400,16.3600,16.0100,351810768,5826961766.5700,3,6.132800,1,2.186100,0
2021-08-24,sh.600958,16.5500,17.8300,16.4500,17.6000,16.3600,444185792,7626189171.2800,3,7.743000,1,7.579500,0
2021-08-25,sh.600958,17.0000,17.3800,16.6800,17.2600,17.6000,316205712,5389239607.6200,3,5.512100,1,-1.931800,0
2021-08-26,sh.600958,16.9700,17.0000,16.1800,16.4100,17.2600,289484688,4790406385.5900,3,5.046300,1,-4.924700,0
2021-08-27,sh.600958,16.3700,16.9600,16.1200,16.6000,16.4100,226967721,3763520246.4400,3,3.956500,1,1.157800,0
2021-08-30,sh.600958,16.1200,16.1600,14.9400,14.9400,16.6000,219496176,3352261307.0800,3,3.826300,1,-10.000000,0
2021-08-31,sh.600958,14.5100,15.4400,13.9700,14.9700,14.9400,394846928,5740098853.1800,3,6.883000,1,0.200800,0
2021-09-01,sh.600958,14.7600,16.4700,14.3400,15.8700,14.9700,442568688,6910968821.2500,3,7.714900,1,6.012000,0
2021-09-02,sh.600958,15.6200,16.7400,15.5100,16.3200,15.8700,341910048,5561317414.8500,3,5.960200,1,2.835500,0
2021-09-03,sh.600958,17.0000,17.0000,15.6200,15.6900,16.3200,241780832,3919030274.3800,3,4.214700,1,-3.860300,0
2021-09-06,sh.600958,15.9500,17.0000,15.8000,16.4400,15.6900,257683499,4220678006.9500,3,4.491900,1,4.780100,0
2021-09-07,sh.600958,16.2600,18.0800,16.1700,18.0800,16.4400,361589232,6265920744.5900,3,6.303200,1,9.975700,0
2021-09-08,sh.600958,18.0500,18.5300,17.6100,18.2500,18.0800,306717504,5549542716.1900,3,5.346700,1,0.940300,0
2021-09-09,sh.600958,17.7700,18.4100,17.6400,18.4100,18.2500,211631556,3814514817.6600,3,3.689200,1,0.876700,0
2021-09-10,sh.600958,18.5900,19.6600,17.5000,17.6200,18.4100,356388080,6592069941.5600,3,6.212600,1,-4.291100,0
2021-09-13,sh.600958,17.4000,18.3500,17.2800,17.7600,17.6200,218712472,3882194968.7200,3,3.812600,1,0.794600,0
2021-09-14,sh.600958,17.6900,18.1700,17.1700,17.2200,17.7600,196546699,3456396593.6000,3,3.426200,1,-3.040500,0
2021-09-15,sh.600958,17.4500,17.4800,16.7800,17.1900,17.2200,165834995,2834537339.9900,3,2.890800,1,-0.174200,0
2021-09-16,sh.600958,17.1300,17.3000,16.2500,16.6200,17.1900,183351019,3076946480.0300,3,3.196200,1,-3.315900,0
2021-09-17,sh.600958,16.6500,17.0600,16.4000,16.7600,16.6200,143676804,2403442782.4300,3,2.504600,1,0.842400,0
2021-09-22,sh.600958,16.3900,17.1800,16.2000,16.9900,16.7600,140902104,2367062753.6200,3,2.456200,1,1.372300,0
2021-09-23,sh.600958,16.9900,17.7000,16.7500,17.4000,16.9900,184843898,3190824226.9400,3,3.222200,1,2.413200,0
2021-09-24,sh.600958,17.2900,17.8900,17.1100,17.2200,17.4000,152164892,2663657958.7400,3,2.652500,1,-1.034500,0
2021-09-27,sh.600958,16.9800,17.2800,15.5000,15.5500,17.2200,228195435,3724810685.0800,3,3.977900,1,-9.698000,0
2021-09-28,sh.600958,15.4500,16.1000,15.4300,15.7400,15.5500,144459749,2278834120.5400,3,2.518200,1,1.221900,0
2021-09-29,sh.600958,15.5000,15.7300,14.8800,15.1200,15.7400,148353301,2261049457.4400,3,2.586100,1,-3.939000,0
2021-09-30,sh.600958,15.2100,15.2700,14.9500,15.1300,15.1200,86795192,1310911994.2700,3,1.513000,1,0.066100,0
2021-10-08,sh.600958,15.3200,15.4000,14.7300,14.9100,15.1300,98600023,1483668874.8200,3,1.718800,1,-1.454100,0
2021-10-11,sh.600958,14.8000,15.0800,14.6100,14.7800,14.9100,74989415,1115274530.2500,3,1.307200,1,-0.871900,0
2021-10-12,sh.600958,14.6800,14.8800,13.8500,14.2100,14.7800,145042106,2076790393.5000,3,2.528400,1,-3.856600,0
2021-10-13,sh.600958,14.2300,14.5300,13.9000,14.3200,14.2100,93392012,1327672353.1600,3,1.628000,1,0.774100,0
2021-10-14,sh.600958,14.2500,14.7600,14.1300,14.4600,14.3200,100315483,1451430191.5500,3,1.748700,1,0.977700,0
2021-10-15,sh.600958,14.3300,14.6200,14.2500,14.4200,14.4600,77804890,1123725140.0000,3,1.356300,1,-0.276600,0
2021-10-18,sh.600958,14.4700,14.5800,14.2000,14.5200,14.4200,73231988,1055014842.3300,3,1.276600,1,0.693500,0
2021-10-19,sh.600958,14.5200,15.1000,14.4600,14.8300,14.5200,150437616,2236303163.0500,3,2.622400,1,2.135000,0
2021-10-20,sh.600958,14.7600,15.1600,14.6600,14.9200,14.8300,110280153,1648280975.1100,3,1.922400,1,0.606900,0
2021-10-21,sh.600958,14.9300,15.1100,14.6200,14.8000,14.9200,91066871,1352872188.0200,3,1.587500,1,-0.804300,0
2021-10-22,sh.600958,14.7400,15.1000,14.7400,14.9800,14.8000,89528861,1334606570.2600,3,1.560700,1,1.216200,0
2021-10-25,sh.600958,15.0800,16.2900,14.7500,15.9500,14.9800,182319306,2822875024.4900,3,3.178200,1,6.475300,0
2021-10-26,sh.600958,15.6800,16.1900,15.6500,15.8400,15.9500,121249278,1926779884.3500,3,2.113600,1,-0.689700,0
2021-10-27,sh.600958,15.6900,15.9800,15.0100,15.1000,15.8400,124481878,1929992737.5300,3,2.170000,1,-4.671700,0
2021-10-28,sh.600958,15.1000,15.7800,15.0200,15.2500,15.1000,130563669,2018904516.6600,3,2.276000,1,0.993400,0
2021-10-29,sh.600958,14.3800,14.7900,13.7300,13.7600,15.2500,268399937,3728968692.1100,3,4.678700,1,-9.770500,0
2021-11-01,sh.600958,13.5000,13.9300,12.9000,13.5900,13.7600,164068682,2211282235.1900,3,2.860000,1,-1.235500,0
2021-11-02,sh.600958,13.4200,13.5400,12.8500,13.0400,13.5900,152141214,2001850613.5500,3,2.652100,1,-4.047100,0
2021-11-03,sh.600958,13.0300,13.1800,12.9600,13.0300,13.0400,75140640,982142886.6300,3,1.309900,1,-0.076700,0
2021-11-04,sh.600958,13.2000,13.3000,12.9100,12.9700,13.0300,89536794,1168237277.7200,3,1.560800,1,-0.460500,0
2021-11-05,sh.600958,12.9000,13.0300,12.7100,12.7100,12.9700,89148069,1147432024.6800,3,1.554000,1,-2.004600,0
2021-11-08,sh.600958,12.6900,13.1700,12.6600,12.9700,12.7100,97520229,1257805633.0800,3,1.700000,1,2.045600,0
2021-11-09,sh.600958,12.9500,13.4400,12.8700,13.3400,12.9700,139794030,1841782588.7600,3,2.436900,1,2.852700,0
2021-11-10,sh.600958,13.2500,13.4200,13.1000,13.2700,13.3400,97579383,1292171326.6800,3,1.701000,1,-0.524700,0
2021-11-11,sh.600958,13.2400,14.4500,13.1900,14.1400,13.2700,233905133,3249763792.2100,3,4.077400,1,6.556100,0
2021-11-12,sh.600958,14.0500,14.0500,13.6900,13.9200,14.1400,123580119,1713629684.5700,3,2.154200,1,-1.555900,0
2021-11-15,sh.600958,13.9200,14.0000,13.6800,13.7300,13.9200,89976216,1243127872.9700,3,1.568500,1,-1.364900,0
2021-11-16,sh.600958,13.6000,13.8400,13.4600,13.6600,13.7300,96291374,1318495107.1900,3,1.678600,1,-0.509800,0
2021-11-17,sh.600958,13.5400,13.6600,13.3700,13.4000,13.6600,82397643,1110506767.3300,3,1.436400,1,-1.903400,0
2021-11-18,sh.600958,13.3100,13.5000,13.2400,13.3400,13.4000,71878195,960593469.9900,3,1.253000,1,-0.447800,0
2021-11-19,sh.600958,13.2700,14.1400,13.2100,13.9300,13.3400,182322335,2508444113.9900,3,3.178200,1,4.422800,0
2021-11-22,sh.600958,13.8800,14.5400,13.8300,14.3600,13.9300,165891120,2369340728.0300,3,2.891800,1,3.086900,0
2021-11-23,sh.600958,14.2200,14.7800,14.1800,14.3100,14.3600,165384238,2400300239.7500,3,2.883000,1,-0.348200,0
2021-11-24,sh.600958,14.2400,14.8900,14.2300,14.6500,14.3100,167183229,2444661733.2300,3,2.914300,1,2.376000,0
2021-11-25,sh.600958,14.6500,14.9900,14.5500,14.6800,14.6500,105656301,1560534087.3300,3,1.841800,1,0.204800,0
2021-11-26,sh.600958,14.7000,14.8300,14.3600,14.4400,14.6800,104314880,1517118932.0300,3,1.818400,1,-1.634900,0
2021-11-29,sh.600958,14.0500,14.4800,14.0200,14.1300,14.4400,95524324,1353879185.8000,3,1.665200,1,-2.146800,0
2021-11-30,sh.600958,14.2500,14.3900,13.9200,14.0600,14.1300,91627333,1296849765.8900,3,1.597200,1,-0.495400,0
2021-12-01,sh.600958,14.0000,14.7200,13.9400,14.5000,14.0600,132918977,1911681676.8300,3,2.317000,1,3.129400,0
2021-12-02,sh.600958,14.3900,15.6800,14.3600,15.3300,14.5000,212833903,3242924861.4000,3,3.710100,1,5.724100,0
2021-12-03,sh.600958,15.2500,15.5400,15.0500,15.4800,15.3300,158347333,2426794640.5600,3,2.760300,1,0.978500,0
2021-12-06,sh.600958,15.8300,16.3900,15.2800,15.4500,15.4800,304142640,4819068205.3400,3,5.301800,1,-0.193800,0
2021-12-07,sh.600958,15.6600,15.8600,15.2200,15.5300,15.4500,150919696,2341259167.7700,3,2.630800,1,0.517800,0
2021-12-08,sh.600958,15.5900,15.9400,15.1000,15.8900,15.5300,145502671,2276151521.9900,3,2.536400,1,2.318100,0
2021-12-09,sh.600958,15.8200,16.9400,15.6900,16.2700,15.8900,217365301,3529264951.3500,3,3.789100,1,2.391400,0
2021-12-10,sh.600958,15.9000,16.2300,15.6100,15.6600,16.2700,136097030,2162028771.7300,3,2.372400,1,-3.749200,0
2021-12-13,sh.600958,15.9600,16.5200,15.6000,15.7100,15.6600,167716120,2694882356.5600,3,2.923600,1,0.319300,0
2021-12-14,sh.600958,15.4800,16.5900,15.3700,16.1900,15.7100,156964971,2533435557.6100,3,2.736200,1,3.055400,0
2021-12-15,sh.600958,16.1900,16.3600,15.9500,16.0200,16.1900,107118414,1723853860.4000,3,1.867300,1,-1.050000,0
2021-12-16,sh.600958,16.0200,16.3400,15.8900,16.3400,16.0200,95165165,1540606564.2800,3,1.658900,1,1.997500,0
2021-12-17,sh.600958,16.2800,16.3000,15.6000,15.6700,16.3400,127178374,2029113351.0700,3,2.217000,1,-4.100400,0
2021-12-20,sh.600958,15.4100,15.6800,14.9500,15.0400,15.6700,141792906,2159007886.7400,3,2.471700,1,-4.020400,0
2021-12-21,sh.600958,15.1500,15.1900,14.9100,15.0300,15.0400,87829424,1322302315.3200,3,1.531000,1,-0.066500,0
2021-12-22,sh.600958,14.9000,15.1000,14.6400,14.8000,15.0300,89389378,1328689991.1200,3,1.558200,1,-1.530300,0
2021-12-23,sh.600958,14.8200,14.9100,14.4100,14.6000,14.8000,97398567,1421933969.1700,3,1.697900,1,-1.351400,0
2021-12-24,sh.600958,14.6500,14.9000,14.4400,14.5500,14.6000,66182821,971345976.3200,3,1.153700,1,-0.342500,0
2021-12-27,sh.600958,14.4900,14.6500,14.2600,14.6000,14.5500,58221345,843247651.5500,3,1.014900,1,0.343600,0
2021-12-28,sh.600958,14.8000,14.8600,14.3300,14.6400,14.6000,77295072,1122417043.8700,3,1.295500,1,0.274000,0
2021-12-29,sh.600958,14.6000,14.6800,14.3800,14.4000,14.6400,52462461,760945288.8900,3,0.879300,1,-1.639300,0
2021-12-30,sh.600958,14.4200,14.8000,14.3000,14.6700,14.4000,91183090,1335855716.0900,3,1.528200,1,1.875000,0
2021-12-31,sh.600958,14.7200,14.9600,14.6000,14.7400,14.6700,67289415,992357850.8200,3,1.127800,1,0.477200,0
2022-01-04,sh.600958,14.7500,15.0000,14.5900,14.9000,14.7400,67841774,1002949926.6200,3,1.137000,1,1.085500,0
2022-01-05,sh.600958,14.9000,15.1400,14.8100,14.8600,14.9000,78895541,1179564552.5300,3,1.322300,1,-0.268500,0
2022-01-06,sh.600958,14.7400,14.8000,13.6300,13.7000,14.8600,191121250,2667839938.6800,3,3.203200,1,-7.806200,0
2022-01-07,sh.600958,13.6900,13.8400,13.3800,13.6800,13.7000,105434863,1441370987.7800,3,1.767100,1,-0.146000,0
2022-01-10,sh.600958,13.5800,13.6500,13.2100,13.4000,13.6800,78458956,1054730704.8400,3,1.315000,1,-2.046800,0
2022-01-11,sh.600958,13.3500,13.6000,13.3000,13.4300,13.4000,55010794,739520984.4900,3,0.922000,1,0.223900,0
2022-01-12,sh.600958,13.4700,13.6600,13.3500,13.6300,13.4300,48457557,654860147.0100,3,0.812200,1,1.489200,0
2022-01-13,sh.600958,13.6900,13.7500,13.3200,13.3600,13.6300,50680392,685755990.4600,3,0.849400,1,-1.980900,0
2022-01-14,sh.600958,13.3300,13.4800,13.0700,13.1300,13.3600,65260816,864081919.1800,3,1.093800,1,-1.721600,0
2022-01-17,sh.600958,13.0000,13.2800,12.9600,13.1400,13.1300,58587832,767506819.7900,3,0.981900,1,0.076200,0
2022-01-18,sh.600958,13.2000,13.5000,13.0700,13.3100,13.1400,67845847,900019037.4600,3,1.137100,1,1.293800,0
2022-01-19,sh.600958,13.3400,13.6800,13.3000,13.4200,13.3100,68074446,916291578.0200,3,1.140900,1,0.826400,0
2022-01-20,sh.600958,13.4000,14.0400,13.2300,13.8300,13.4200,144383644,1984748325.5900,3,2.419900,1,3.055100,0
2022-01-21,sh.600958,13.7100,13.7400,13.4700,13.5200,13.8300,67315571,915365350.3700,3,1.128200,1,-2.241500,0
2022-01-24,sh.600958,13.4000,13.6000,13.3100,13.3500,13.5200,46437830,623711091.2700,3,0.778300,1,-1.257400,0
2022-01-25,sh.600958,13.4100,13.5900,12.9900,13.0100,13.3500,66857590,889926626.4900,3,1.120500,1,-2.546800,0
2022-01-26,sh.600958,12.9800,13.2500,12.7000,13.1300,13.0100,77843214,1013342801.6000,3,1.304700,1,0.922400,0
2022-01-27,sh.600958,13.0400,13.1800,12.6800,12.7000,13.1300,62299893,806128462.7700,3,1.044100,1,-3.274900,0
2022-01-28,sh.600958,12.8500,12.8800,12.1600,12.2700,12.7000,79491972,991233109.6300,3,1.332300,1,-3.385800,0
2022-02-07,sh.600958,12.5000,12.8700,12.4300,12.6900,12.2700,83004611,1052690823.1900,3,1.391200,1,3.423000,0
2022-02-08,sh.600958,12.6300,12.9400,12.3800,12.8000,12.6900,95014773,1201639655.7500,3,1.592500,1,0.866800,0
2022-02-09,sh.600958,12.7200,12.9800,12.6800,12.8500,12.8000,63116698,810379400.3500,3,1.057800,1,0.390600,0
2022-02-10,sh.600958,12.9100,13.1900,12.8600,12.9900,12.8500,73192265,953990240.3400,3,1.226700,1,1.089500,0
2022-02-11,sh.600958,12.8900,13.3000,12.8500,12.9200,12.9900,87763953,1144149797.3400,3,1.470900,1,-0.538900,0
2022-02-14,sh.600958,12.7500,12.8300,12.2800,12.3900,12.9200,95866651,1198551670.5200,3,1.606700,1,-4.102200,0
2022-02-15,sh.600958,12.3900,12.5300,12.3000,12.5200,12.3900,46855261,581485502.1800,3,0.785300,1,1.049200,0
2022-02-16,sh.600958,12.5600,12.8200,12.4600,12.5300,12.5200,48682727,613965408.9700,3,0.815900,1,0.079900,0
2022-02-17,sh.600958,12.4800,12.5500,12.3500,12.4200,12.5300,43391400,539722130.3000,3,0.727200,1,-0.877900,0
2022-02-18,sh.600958,12.3300,12.4600,12.3000,12.4200,12.4200,42554143,526226652.2300,3,0.713200,1,0.000000,0
2022-02-21,sh.600958,12.4300,12.4300,12.1600,12.4000,12.4200,64080209,787268850.0600,3,1.074000,1,-0.161000,0
2022-02-22,sh.600958,12.2900,12.2900,11.7700,11.9000,12.4000,91759637,1102287818.1600,3,1.537900,1,-4.032300,0
2022-02-23,sh.600958,11.9000,12.4500,11.8900,12.3900,11.9000,110367563,1355140972.1300,3,1.849800,1,4.117600,0
2022-02-24,sh.600958,12.2500,12.6500,12.0600,12.2300,12.3900,104116291,1290838588.9200,3,1.745000,1,-1.291400,0
2022-02-25,sh.600958,12.4500,12.5700,12.2600,12.3200,12.2300,54979867,681393609.3700,3,0.921500,1,0.735900,0
2022-02-28,sh.600958,12.2600,12.4300,12.1100,12.2600,12.3200,61167580,748316896.0000,3,1.025200,1,-0.487000,0
2022-03-01,sh.600958,12.3000,12.4000,12.1100,12.3300,12.2600,69374151,849164272.0000,3,1.162700,1,0.571000,0
2022-03-02,sh.600958,12.1700,12.2300,12.0300,12.0900,12.3300,60349499,731365728.0000,3,1.011500,1,-1.946500,0
2022-03-03,sh.600958,12.1700,12.3300,11.9300,12.0000,12.0900,68254125,827116640.0000,3,1.143900,1,-0.744400,0
2022-03-04,sh.600958,11.7800,11.9000,11.5800,11.6900,12.0000,82269368,963826832.0000,3,1.378800,1,-2.583300,0
2022-03-07,sh.600958,11.6700,11.6700,11.2200,11.2800,11.6900,87087825,991068336.0000,3,1.459600,1,-3.507300,0
2022-03-08,sh.600958,11.1300,11.4200,10.9000,10.9000,11.2800,101994419,1132618272.0000,3,1.709400,1,-3.368800,0
2022-03-09,sh.600958,10.9600,11.0300,10.1900,10.6100,10.9000,100965133,1073456032.0000,3,1.692200,1,-2.660600,0
2022-03-10,sh.600958,10.8500,10.9000,10.5400,10.5700,10.6100,85379066,914819056.0000,3,1.431000,1,-0.377000,0
2022-03-11,sh.600958,10.3500,10.9900,10.3000,10.8700,10.5700,111550334,1187555904.0000,3,1.869600,1,2.838200,0
2022-03-14,sh.600958,10.7000,11.1000,10.6500,10.8100,10.8700,94108219,1026653760.0000,3,1.577300,1,-0.552000,0
2022-03-15,sh.600958,10.7300,10.9800,10.2900,10.3300,10.8100,99984686,1070302592.0000,3,1.675700,1,-4.440300,0
2022-03-16,sh.600958,10.5200,11.3600,10.3500,11.2200,10.3300,183416485,2011954432.0000,3,3.074100,1,8.615700,0
2022-03-17,sh.600958,11.2200,11.3200,10.9200,11.0000,11.2200,155997750,1728072272.0000,3,2.614500,1,-1.960800,0
2022-03-18,sh.600958,10.9100,11.0700,10.7800,10.9900,11.0000,94680659,1036535386.4400,3,1.586900,1,-0.090900,0
2022-03-21,sh.600958,10.9100,10.9900,10.6900,10.8100,10.9900,74699907,809879688.6500,3,1.252000,1,-1.637900,0
2022-03-22,sh.600958,10.7300,11.0900,10.7200,10.9700,10.8100,87874787,960299407.5000,3,1.472800,1,1.480100,0
2022-03-23,sh.600958,10.9100,11.0600,10.8800,10.9400,10.9700,57110386,626005104.9200,3,0.957200,1,-0.273500,0
2022-03-24,sh.600958,10.8600,10.9400,10.7000,10.8400,10.9400,54974959,594825287.4500,3,0.921400,1,-0.914100,0
2022-03-25,sh.600958,10.8400,11.0300,10.6600,10.6900,10.8400,60539116,656698395.4000,3,1.014600,1,-1.383800,0
2022-03-28,sh.600958,10.4600,10.8500,10.4400,10.7600,10.6900,44792879,478635022.5900,3,0.750700,1,0.654800,0
2022-03-29,sh.600958,10.7700,10.8500,10.4700,10.4800,10.7600,45814543,485957538.3700,3,0.767900,1,-2.602200,0
2022-03-30,sh.600958,10.6300,11.1800,10.6000,11.0900,10.4800,124453145,1361200244.3000,3,2.085800,1,5.820600,0
2022-03-31,sh.600958,10.9900,11.1200,10.9500,10.9800,11.0900,67547484,744114815.2900,3,1.132100,1,-0.991900,0
2022-04-01,sh.600958,10.9300,11.2200,10.9000,11.1200,10.9800,84205980,932973992.2800,3,1.411300,1,1.275000,0
2022-04-06,sh.600958,11.0700,11.1100,10.9000,11.0400,11.1200,60922065,670867941.9200,3,1.021100,1,-0.719400,0
2022-04-07,sh.600958,10.9600,11.0900,10.7000,10.7000,11.0400,58955059,640989218.5100,3,0.988100,1,-3.079700,0
2022-04-08,sh.600958,10.7400,10.8700,10.5100,10.8000,10.7000,61998431,663584334.7400,3,1.039100,1,0.934600,0
2022-04-11,sh.600958,10.7600,10.7800,10.1500,10.2700,10.8000,83430174,868010809.7400,3,1.398300,1,-4.907400,0
2022-04-12,sh.600958,10.2200,10.7500,10.1500,10.6000,10.2700,85753276,898905323.5300,3,1.437200,1,3.213200,0
2022-04-13,sh.600958,10.5400,10.6400,10.3900,10.3900,10.6000,55678952,585308753.6100,3,0.933200,1,-1.981100,0
2022-04-14,sh.600958,10.5300,11.2800,10.5300,10.9500,10.3900,136839764,1497793254.9500,3,2.293400,1,5.389800,0
2022-04-15,sh.600958,10.8800,11.1100,10.7300,10.8800,10.9500,87904466,959617724.1200,3,1.473300,1,-0.639300,0
2022-04-18,sh.600958,10.1800,10.2300,9.7900,9.7900,10.8800,171687369,1690775975.7600,3,2.877500,1,-10.018400,0
2022-04-19,sh.600958,9.5500,9.7200,9.4500,9.4900,9.7900,141712397,1352717635.0200,3,2.375100,1,-3.064400,0
2022-04-20,sh.600958,9.4900,9.5700,9.1800,9.2200,9.4900,142501971,1334019196.8300,3,2.388300,1,-2.845100,0
2022-04-21,sh.600958,9.2200,9.2200,9.2200,9.2200,9.2200,,,3,,0,,0
2022-04-22,sh.600958,9.2200,9.2200,9.2200,9.2200,9.2200,,,3,,0,,0
2022-04-25,sh.600958,9.2200,9.2200,9.2200,9.2200,9.2200,,,3,,0,,0
2022-04-26,sh.600958,9.2200,9.2200,9.2200,9.2200,9.2200,,,3,,0,,0
2022-04-27,sh.600958,9.2200,9.2200,9.2200,9.2200,9.2200,,,3,,0,,0
2022-04-28,sh.600958,9.2200,9.2200,9.2200,9.2200,9.2200,,,3,,0,,0
2022-04-29,sh.600958,8.8600,9.3500,8.6200,9.1600,9.0500,171079807,1532849418.7500,3,2.290400,1,1.215500,0
2022-05-05,sh.600958,8.5800,8.7900,8.5700,8.7400,9.1600,109936286,956601243.3000,3,1.471800,1,-4.585200,0
2022-05-06,sh.600958,8.5700,8.6900,8.5400,8.5600,8.7400,60953343,525192838.1200,3,0.816000,1,-2.059500,0
2022-05-09,sh.600958,8.5300,8.6400,8.5000,8.5700,8.5600,40908417,350089310.4300,3,0.547700,1,0.116800,0
2022-05-10,sh.600958,8.4800,8.6800,8.4600,8.6500,8.5700,57385147,493329390.6500,3,0.768300,1,0.933500,0
2022-05-11,sh.600958,8.6400,9.5200,8.6100,9.0000,8.6500,167313424,1515636240.0400,3,2.240000,1,4.046200,0
2022-05-12,sh.600958,8.8000,9.1200,8.7700,8.9200,9.0000,78512375,701626753.9800,3,1.051100,1,-0.888900,0
2022-05-13,sh.600958,8.9100,9.0600,8.8200,8.9900,8.9200,92598691,828309365.0800,3,1.239700,1,0.784800,0
2022-05-16,sh.600958,9.0800,9.0800,8.8100,8.8400,8.9900,69955030,623299332.1500,3,0.936500,1,-1.668500,0
2022-05-17,sh.600958,8.8200,8.9700,8.7400,8.9300,8.8400,60598349,536025356.6500,3,0.811300,1,1.018100,0
2022-05-18,sh.600958,8.9300,9.3500,8.8900,9.2000,8.9300,164794339,1519769971.5700,3,2.206200,1,3.023500,0
2022-05-19,sh.600958,9.0800,9.3000,9.0100,9.2800,9.2000,98209939,899665893.1100,3,1.314800,1,0.869600,0
2022-05-20,sh.600958,9.3300,9.4500,9.2100,9.3500,9.2800,118783761,1109356165.8500,3,1.590300,1,0.754300,0
2022-05-23,sh.600958,9.3400,9.5500,9.2800,9.5200,9.3500,108354713,1021325126.2200,3,1.450600,1,1.818200,0
2022-05-24,sh.600958,9.4600,9.5500,9.1400,9.1500,9.5200,87325180,816753865.7600,3,1.169100,1,-3.886600,0
2022-05-25,sh.600958,9.1900,9.2300,9.0700,9.1700,9.1500,55901592,511234064.5700,3,0.748400,1,0.218600,0
2022-05-26,sh.600958,9.2000,9.4800,9.0200,9.2800,9.1700,102665944,949913109.7200,3,1.374500,1,1.199600,0
2022-05-27,sh.600958,9.2900,9.4000,9.1100,9.1600,9.2800,66288398,613772181.5700,3,0.887500,1,-1.293100,0
2022-05-30,sh.600958,9.2000,9.2400,9.0500,9.0900,9.1600,56047248,510806139.7100,3,0.750300,1,-0.764200,0
2022-05-31,sh.600958,9.1200,9.3600,9.0600,9.3400,9.0900,90640463,837842824.4900,3,1.213500,1,2.750300,0
2022-06-01,sh.600958,9.2700,9.3900,9.1500,9.2300,9.3400,57872813,536987271.4300,3,0.774800,1,-1.177700,0
2022-06-02,sh.600958,9.1800,9.3400,9.1300,9.2800,9.2300,53410458,493904304.1200,3,0.715000,1,0.541700,0
2022-06-06,sh.600958,9.2600,9.5800,9.2000,9.5600,9.2800,136371126,1285796769.0200,3,1.825700,1,3.017200,0
2022-06-07,sh.600958,9.5000,9.8600,9.4800,9.6200,9.5600,160233869,1551363117.7000,3,2.145200,1,0.627600,0
2022-06-08,sh.600958,9.6200,9.8000,9.4100,9.7000,9.6200,153516407,1476540153.0800,3,2.055200,1,0.831600,0
2022-06-09,sh.600958,9.7500,9.9800,9.5700,9.5900,9.7000,155060161,1513906206.4300,3,2.075900,1,-1.134000,0
2022-06-10,sh.600958,9.5600,10.0000,9.4500,9.9100,9.5900,179078261,1745398994.1500,3,2.397500,1,3.336800,0
2022-06-13,sh.600958,9.7700,9.8800,9.5700,9.6900,9.9100,122120359,1189618797.5700,3,1.634900,1,-2.220000,0
2022-06-14,sh.600958,9.5400,10.2800,9.4800,10.1600,9.6900,219620284,2158424646.5800,3,2.940200,1,4.850400,0
2022-06-15,sh.600958,10.2100,11.1100,10.2100,10.5500,10.1600,356142672,3788439978.7700,3,4.768000,1,3.838600,0
2022-06-16,sh.600958,10.5000,10.5000,10.0000,10.0300,10.5500,197855059,2026714023.5100,3,2.648800,1,-4.928900,0
2022-06-17,sh.600958,9.9000,10.1200,9.6600,9.9600,10.0300,145637635,1441255545.5700,3,1.949800,1,-0.697900,0
2022-06-20,sh.600958,9.9500,10.1900,9.8600,9.9700,9.9600,94836536,948227888.6200,3,1.269700,1,0.100400,0
2022-06-21,sh.600958,9.9400,10.0200,9.7900,9.9400,9.9700,73370151,729379413.6700,3,0.982300,1,-0.300900,0
2022-06-22,sh.600958,9.9100,9.9800,9.7000,9.7000,9.9400,72089082,708853186.1300,3,0.965100,1,-2.414500,0
2022-06-23,sh.600958,9.6700,10.1200,9.6600,10.0600,9.7000,140404473,1397462388.5300,3,1.879700,1,3.711300,0
2022-06-24,sh.600958,10.1000,10.7800,9.9300,10.4900,10.0600,212733354,2200546417.0000,3,2.848000,1,4.274400,0
2022-06-27,sh.600958,10.5800,10.6300,10.2800,10.4000,10.4900,125935269,1310162284.7300,3,1.686000,1,-0.858000,0
2022-06-28,sh.600958,10.3600,10.5200,10.2500,10.4800,10.4000,97963902,1016734512.8100,3,1.311500,1,0.769200,0
2022-06-29,sh.600958,10.4000,10.6000,10.0800,10.1300,10.4800,110196134,1138824024.9900,3,1.475300,1,-3.339700,0
2022-06-30,sh.600958,10.1600,10.4000,10.1500,10.2100,10.1300,75333967,772856921.4900,3,1.008600,1,0.789700,0
2022-07-01,sh.600958,10.2100,10.2600,10.0300,10.0400,10.2100,68708758,694233101.3000,3,0.919900,1,-1.665000,0
2022-07-04,sh.600958,10.0500,10.1300,9.8800,10.0600,10.0400,54997053,549516912.8500,3,0.736300,1,0.199200,0
2022-07-05,sh.600958,10.1000,10.1200,9.6700,9.7000,10.0600,137538756,1351331333.4100,3,1.841300,1,-3.578500,0
2022-07-06,sh.600958,9.7100,9.7500,9.4900,9.5200,9.7000,94330025,903957181.0800,3,1.262900,1,-1.855700,0
2022-07-07,sh.600958,9.5000,9.5800,9.4400,9.4500,9.5200,59285435,562982248.3100,3,0.793700,1,-0.735300,0
2022-07-08,sh.600958,9.5000,9.5300,9.2700,9.2900,9.4500,88361691,830167572.8200,3,1.183000,1,-1.693100,0
2022-07-11,sh.600958,9.2600,9.3300,9.2100,9.2400,9.2900,51952793,481436395.7100,3,0.695500,1,-0.538200,0
2022-07-12,sh.600958,9.2500,9.4200,9.2300,9.2700,9.2400,67490954,628175500.6700,3,0.903600,1,0.324700,0
2022-07-13,sh.600958,9.2800,9.3500,9.2300,9.3300,9.2700,49299637,458358688.8700,3,0.660000,1,0.647200,0
2022-07-14,sh.600958,9.3300,9.3300,9.1800,9.1900,9.3300,49990557,461609660.7500,3,0.669300,1,-1.500500,0
2022-07-15,sh.600958,9.0100,9.0100,8.7500,8.7600,9.1900,126494219,1119897591.4700,3,1.693500,1,-4.679000,0
2022-07-18,sh.600958,8.7600,8.9500,8.7500,8.8800,8.7600,48762745,432167501.7600,3,0.652800,1,1.369900,0
2022-07-19,sh.600958,8.9000,9.0100,8.8500,8.9800,8.8800,46583289,415560000.9400,3,0.623600,1,1.126100,0
2022-07-20,sh.600958,8.9900,9.0500,8.9500,9.0000,8.9800,36552273,329027024.8800,3,0.489400,1,0.222700,0
2022-07-21,sh.600958,9.0000,9.0500,8.9500,8.9600,9.0000,32616580,293382828.0300,3,0.436700,1,-0.444400,0
2022-07-22,sh.600958,8.9600,9.0600,8.8400,8.9300,8.9600,40065932,358740863.1500,3,0.536400,1,-0.334800,0
2022-07-25,sh.600958,8.9300,8.9500,8.8300,8.8400,8.9300,29809424,264351649.0800,3,0.399100,1,-1.007800,0
2022-07-26,sh.600958,8.8300,8.8800,8.7700,8.8400,8.8400,45350493,399858128.7400,3,0.607100,1,0.000000,0
2022-07-27,sh.600958,8.8100,8.8500,8.7800,8.8200,8.8400,27651404,243766696.0400,3,0.370200,1,-0.226200,0
2022-07-28,sh.600958,8.8600,8.9800,8.8600,8.9300,8.8200,50683970,452264772.6700,3,0.678500,1,1.247200,0
2022-07-29,sh.600958,8.7000,8.7400,8.6200,8.6500,8.6800,41124993,357025443.7300,3,0.550600,1,-0.345600,0
2022-08-01,sh.600958,8.6600,8.6700,8.5000,8.5500,8.6500,49543922,423379401.4700,3,0.663300,1,-1.156100,0
2022-08-02,sh.600958,8.4800,8.4800,8.1200,8.2400,8.5500,70365170,580328187.1700,3,0.942000,1,-3.625700,0
2022-08-03,sh.600958,8.2400,8.3700,8.2400,8.2500,8.2400,44610487,370512758.6800,3,0.597200,1,0.121400,0
2022-08-04,sh.600958,8.2900,8.3500,8.2500,8.3200,8.2500,28821882,239326332.0000,3,0.385900,1,0.848500,0
2022-08-05,sh.600958,8.3300,8.6800,8.2900,8.6300,8.3200,72779845,619471483.0000,3,0.974400,1,3.726000,0
2022-08-08,sh.600958,8.5800,8.7500,8.5500,8.7100,8.6300,50846252,441820416.0000,3,0.680700,1,0.927000,0
2022-08-09,sh.600958,8.6800,8.7500,8.6100,8.6400,8.7100,37170193,322253192.0000,3,0.497600,1,-0.803700,0
2022-08-10,sh.600958,8.6300,8.7500,8.5200,8.6000,8.6400,42777646,369144270.0000,3,0.572700,1,-0.463000,0
2022-08-11,sh.600958,8.6400,9.0900,8.6200,9.0300,8.6000,130386945,1162224298.0000,3,1.745600,1,5.000000,0
2022-08-12,sh.600958,9.0000,9.1200,8.9000,9.0400,9.0300,79748004,721086138.0000,3,1.067700,1,0.110700,0
2022-08-15,sh.600958,8.9900,9.0600,8.8900,8.9600,9.0400,54456335,487951105.3800,3,0.729100,1,-0.885000,0
2022-08-16,sh.600958,8.9700,9.0800,8.8900,8.9400,8.9600,43286944,387365137.3800,3,0.579500,1,-0.223200,0
2022-08-17,sh.600958,8.9400,9.1000,8.8900,9.0400,8.9400,69305360,625241819.7600,3,0.927800,1,1.118600,0
2022-08-18,sh.600958,9.0000,9.0700,8.9400,8.9800,9.0400,57100671,513514444.7100,3,0.764500,1,-0.663700,0
2022-08-19,sh.600958,9.0000,9.0400,8.9300,8.9300,8.9800,39743614,357179926.8300,3,0.532100,1,-0.556800,0
2022-08-22,sh.600958,8.9000,8.9500,8.8200,8.8400,8.9300,48054252,426222820.9900,3,0.643300,1,-1.007800,0
2022-08-23,sh.600958,8.8100,8.9900,8.7900,8.8800,8.8400,54918790,487985185.3600,3,0.735200,1,0.452500,0
2022-08-24,sh.600958,8.8600,9.0700,8.6400,8.6500,8.8800,86258141,763957658.0100,3,1.154800,1,-2.590100,0
2022-08-25,sh.600958,8.7000,8.8900,8.6700,8.8500,8.6500,74476427,654372629.7200,3,0.997100,1,2.312100,0
2022-08-26,sh.600958,8.8500,8.8700,8.7100,8.7300,8.8500,46781415,410432291.8500,3,0.626300,1,-1.355900,0
2022-08-29,sh.600958,8.6400,8.7200,8.5600,8.6400,8.7300,41203725,354834735.1200,3,0.551600,1,-1.030900,0
2022-08-30,sh.600958,8.6400,8.7700,8.6100,8.6500,8.6400,37397138,324278485.4600,3,0.500700,1,0.115700,0
2022-08-31,sh.600958,8.6200,8.7300,8.5200,8.6600,8.6500,60939682,526234911.8400,3,0.815800,1,0.115600,0
2022-09-01,sh.600958,8.6200,8.6800,8.5200,8.5400,8.6600,36600543,314879438.3500,3,0.490000,1,-1.385700,0
2022-09-02,sh.600958,8.5200,8.5900,8.4100,8.4400,8.5400,41921200,354979768.1100,3,0.561200,1,-1.171000,0
2022-09-05,sh.600958,8.4400,8.5400,8.4200,8.5200,8.4400,32627516,277124635.6300,3,0.436800,1,0.947900,0
2022-09-06,sh.600958,8.5500,8.7100,8.5500,8.7000,8.5200,50421116,434849445.9300,3,0.675000,1,2.112700,0
2022-09-07,sh.600958,8.6600,8.6800,8.6100,8.6400,8.7000,26552007,229223940.6200,3,0.355500,1,-0.689700,0
2022-09-08,sh.600958,8.6400,8.6800,8.5500,8.5600,8.6400,33952890,292391745.2000,3,0.454600,1,-0.925900,0
2022-09-09,sh.600958,8.5500,8.7200,8.5500,8.6900,8.5600,59419341,515016871.6700,3,0.795500,1,1.518700,0
2022-09-13,sh.600958,8.7100,8.9400,8.6800,8.7700,8.6900,57738859,508313491.2700,3,0.773000,1,0.920600,0
2022-09-14,sh.600958,8.6600,8.7000,8.5600,8.6000,8.7700,47251021,407548421.9300,3,0.632600,1,-1.938400,0
2022-09-15,sh.600958,8.6100,8.7300,8.4800,8.5400,8.6000,55102256,474164338.0100,3,0.737700,1,-0.697700,0
2022-09-16,sh.600958,8.5100,8.5300,8.0900,8.0900,8.5400,120087121,982724443.8500,3,1.607700,1,-5.269300,0
2022-09-19,sh.600958,8.0900,8.1200,7.9800,8.0200,8.0900,40367623,324486676.5300,3,0.540400,1,-0.865300,0
2022-09-20,sh.600958,8.0600,8.0900,8.0000,8.0500,8.0200,26602717,213800844.6300,3,0.356200,1,0.374100,0
2022-09-21,sh.600958,8.0100,8.0700,7.8700,8.0400,8.0500,32897058,262421471.9000,3,0.440400,1,-0.124200,0
2022-09-22,sh.600958,7.9700,8.0900,7.9500,8.0200,8.0400,22954577,184232380.6600,3,0.307300,1,-0.248800,0
2022-09-23,sh.600958,8.0100,8.0700,7.9100,7.9700,8.0200,29929095,239621999.3700,3,0.400700,1,-0.623400,0
2022-09-26,sh.600958,7.9200,7.9400,7.7500,7.7600,7.9700,32391220,254273107.0700,3,0.433600,1,-2.634900,0
2022-09-27,sh.600958,7.8000,7.8900,7.7500,7.8700,7.7600,23789937,185961361.6400,3,0.318500,1,1.417500,0
2022-09-28,sh.600958,7.8400,7.8800,7.7400,7.7500,7.8700,27344382,213506160.0500,3,0.366100,1,-1.524800,0
2022-09-29,sh.600958,7.8200,7.8400,7.6300,7.6900,7.7500,28596550,221547134.2000,3,0.382800,1,-0.774200,0
2022-09-30,sh.600958,7.6700,7.7700,7.6600,7.6900,7.6900,23777366,183413867.3600,3,0.318300,1,0.000000,0
2022-10-10,sh.600958,7.7000,7.7300,7.6000,7.6100,7.6900,21711544,166368160.6700,3,0.290700,1,-1.040300,0
2022-10-11,sh.600958,7.6100,7.7200,7.5500,7.6400,7.6100,25006566,190988435.4500,3,0.334800,1,0.394200,0
2022-10-12,sh.600958,7.6400,7.8800,7.6200,7.8500,7.6400,33346877,258218133.2500,3,0.446400,1,2.748700,0
2022-10-13,sh.600958,7.8100,7.8600,7.7600,7.8100,7.8500,22817392,178122393.6400,3,0.305500,1,-0.509600,0
2022-10-14,sh.600958,7.8600,8.0100,7.8500,7.9500,7.8100,38712370,307061515.5400,3,0.518300,1,1.792600,0
2022-10-17,sh.600958,7.9000,8.0100,7.8800,7.9700,7.9500,31896847,253716510.4900,3,0.427000,1,0.251600,0
2022-10-18,sh.600958,8.0200,8.0300,7.9200,7.9300,7.9700,30579830,243474694.7100,3,0.409400,1,-0.501900,0
2022-10-19,sh.600958,7.9300,7.9500,7.8300,7.8300,7.9300,22607972,178142953.9700,3,0.302700,1,-1.261000,0
2022-10-20,sh.600958,7.8100,7.9700,7.7800,7.8300,7.8300,36005827,282608583.8400,3,0.482000,1,0.000000,0
2022-10-21,sh.600958,7.9900,8.0300,7.8100,7.8400,7.8300,44555065,352857786.8300,3,0.596500,1,0.127700,0
2022-10-24,sh.600958,7.8800,8.0500,7.7100,7.7500,7.8400,50606026,399534938.0500,3,0.677500,1,-1.148000,0
2022-10-25,sh.600958,7.7200,7.7700,7.5200,7.6600,7.7500,36093316,276017373.6100,3,0.483200,1,-1.161300,0
2022-10-26,sh.600958,7.6700,7.8300,7.6700,7.7500,7.6600,30570397,236991790.7400,3,0.409300,1,1.174900,0
2022-10-27,sh.600958,7.7600,7.8900,7.7500,7.7800,7.7500,34435904,269218578.5200,3,0.461000,1,0.387100,0
2022-10-28,sh.600958,7.7600,7.7900,7.5200,7.5400,7.7800,40647728,311110710.8300,3,0.544200,1,-3.084800,0
2022-10-31,sh.600958,7.5400,7.8400,7.5300,7.7600,7.5400,43932462,338541876.9800,3,0.588200,1,2.917800,0
2022-11-01,sh.600958,7.8100,8.5000,7.8100,8.2300,7.7600,157346469,1291174647.1900,3,2.106500,1,6.056700,0
2022-11-02,sh.600958,8.0800,8.2800,8.0600,8.1800,8.2300,87736593,715375525.6700,3,1.174600,1,-0.607500,0
2022-11-03,sh.600958,8.1000,8.2300,8.0900,8.1700,8.1800,41342232,337412967.0700,3,0.553500,1,-0.122200,0
2022-11-04,sh.600958,8.1500,8.4800,8.1500,8.3400,8.1700,95904307,797785346.6600,3,1.283900,1,2.080800,0
2022-11-07,sh.600958,8.3000,8.3700,8.2600,8.3300,8.3400,54827567,456245853.6200,3,0.734000,1,-0.119900,0
2022-11-08,sh.600958,8.3300,8.3900,8.2200,8.2900,8.3300,38844135,321748441.1300,3,0.520000,1,-0.480200,0
2022-11-09,sh.600958,8.3000,8.3200,8.1600,8.2200,8.2900,41795400,343442305.6900,3,0.559500,1,-0.844400,0
2022-11-10,sh.600958,8.1800,8.3300,8.1500,8.3000,8.2200,42047187,347676561.7500,3,0.562900,1,0.973200,0
2022-11-11,sh.600958,8.5600,9.1300,8.4300,8.9800,8.3000,356703662,3177528200.7200,3,4.775500,1,8.192800,0
2022-11-14,sh.600958,8.9600,9.1000,8.7500,8.7900,8.9800,230332628,2057857372.6600,3,3.083600,1,-2.115800,0
2022-11-15,sh.600958,8.7600,9.5200,8.7100,9.2500,8.7900,250696724,2301837936.2100,3,3.356300,1,5.233200,0
2022-11-16,sh.600958,9.1900,9.2800,8.9300,8.9700,9.2500,127245987,1155535492.3700,3,1.703500,1,-3.027000,0
2022-11-17,sh.600958,8.9500,9.0200,8.8800,9.0100,8.9700,72657821,650256067.5200,3,0.972700,1,0.445900,0
2022-11-18,sh.600958,9.0000,9.0100,8.8000,8.8200,9.0100,67972886,603615224.0500,3,0.910000,1,-2.108800,0
2022-11-21,sh.600958,8.7600,8.7700,8.6100,8.6800,8.8200,50287415,436005525.1100,3,0.673200,1,-1.587300,0
2022-11-22,sh.600958,8.6500,8.7600,8.6000,8.6700,8.6800,54477096,472432641.0200,3,0.729300,1,-0.115200,0
2022-11-23,sh.600958,8.6300,8.7000,8.5200,8.6100,8.6700,43578400,374990636.4000,3,0.583400,1,-0.692000,0
2022-11-24,sh.600958,8.7500,8.7700,8.5500,8.5900,8.6100,38326794,330639564.3800,3,0.513100,1,-0.232300,0
2022-11-25,sh.600958,8.5900,8.8100,8.5500,8.7400,8.5900,66706450,580002458.7300,3,0.893100,1,1.746200,0
2022-11-28,sh.600958,8.5900,8.6300,8.4600,8.6000,8.7400,51453702,439762022.2600,3,0.688900,1,-1.601800,0
2022-11-29,sh.600958,8.6500,9.0500,8.6500,8.9800,8.6000,122470425,1089261382.1800,3,1.639600,1,4.418600,0
2022-11-30,sh.600958,8.9500,9.1700,8.9100,8.9300,8.9800,97315710,881211514.5200,3,1.302800,1,-0.556800,0
2022-12-01,sh.600958,9.1600,9.4300,9.0300,9.0400,8.9300,115657506,1064979520.9100,3,1.548400,1,1.231800,0
2022-12-02,sh.600958,9.0100,9.1900,8.9400,8.9800,9.0400,52802826,477193908.2200,3,0.706900,1,-0.663700,0
2022-12-05,sh.600958,9.0800,9.4500,9.0800,9.4200,8.9800,153806578,1433961895.7500,3,2.059100,1,4.899800,0
2022-12-06,sh.600958,9.3300,9.5100,9.2900,9.3500,9.4200,76835060,721774166.6100,3,1.028700,1,-0.743100,0
2022-12-07,sh.600958,9.3300,9.3600,9.1100,9.1700,9.3500,73886601,679051118.0700,3,0.989200,1,-1.925100,0
2022-12-08,sh.600958,9.1300,9.2000,9.0900,9.1600,9.1700,36414852,333153628.8400,3,0.487500,1,-0.109100,0
2022-12-09,sh.600958,9.1600,9.2500,9.0300,9.2100,9.1600,58132145,530632690.0000,3,0.778300,1,0.545900,0
2022-12-12,sh.600958,9.1500,9.1500,8.8800,8.9000,9.2100,75471391,676873887.1100,3,1.010400,1,-3.365900,0
2022-12-13,sh.600958,8.9000,9.0200,8.8600,8.9500,8.9000,32092975,287139521.5400,3,0.429700,1,0.561800,0
2022-12-14,sh.600958,8.9500,9.2800,8.9300,9.1700,8.9500,77041340,704621347.1300,3,1.031400,1,2.458100,0
2022-12-15,sh.600958,9.1000,9.2200,9.0400,9.0500,9.1700,39339590,357606514.5000,3,0.526700,1,-1.308600,0
2022-12-16,sh.600958,9.0200,9.1400,8.9900,9.0700,9.0500,29426167,266559204.2400,3,0.394000,1,0.221000,0
2022-12-19,sh.600958,9.1100,9.1700,8.7300,8.8000,9.0700,53488980,476019226.2400,3,0.716100,1,-2.976800,0
2022-12-20,sh.600958,8.7800,8.8700,8.6800,8.7500,8.8000,32615587,285886073.3100,3,0.436700,1,-0.568200,0
2022-12-21,sh.600958,8.7700,8.8100,8.7000,8.7700,8.7500,21347310,186914651.0900,3,0.285800,1,0.228600,0
2022-12-22,sh.600958,8.8700,8.9000,8.7000,8.7600,8.7700,33113604,291503550.5300,3,0.443300,1,-0.114000,0
2022-12-23,sh.600958,8.7000,8.8900,8.6700,8.7900,8.7600,22991093,202595998.8600,3,0.307800,1,0.342500,0
2022-12-26,sh.600958,8.7800,8.8100,8.6500,8.7000,8.7900,31459937,273737309.6400,3,0.421200,1,-1.023900,0
2022-12-27,sh.600958,8.8200,9.1800,8.8100,8.9700,8.7000,78062310,703880568.5300,3,1.045100,1,3.103400,0
2022-12-28,sh.600958,8.8500,8.9600,8.8000,8.9000,8.9700,38407801,340723745.3900,3,0.514200,1,-0.780400,0
2022-12-29,sh.600958,8.8400,8.8600,8.7500,8.7800,8.9000,32639087,286674915.5900,3,0.437000,1,-1.348300,0
2022-12-30,sh.600958,8.8100,9.0700,8.8000,8.9400,8.7800,49362940,441561586.9300,3,0.660900,1,1.822300,0
2023-01-03,sh.600958,8.8500,9.0200,8.6400,8.9800,8.9400,63369698,559266075.6000,3,0.848400,1,0.447400,0
2023-01-04,sh.600958,8.9500,9.1400,8.9500,9.0300,8.9800,61024215,552052292.7200,3,0.817000,1,0.556800,0
2023-01-05,sh.600958,9.1000,9.3500,9.0800,9.2700,9.0300,126113668,1164461976.5400,3,1.688400,1,2.657800,0
2023-01-06,sh.600958,9.2200,9.5500,9.2100,9.4200,9.2700,112848768,1063085684.9400,3,1.510800,1,1.618100,0
2023-01-09,sh.600958,9.5900,10.3600,9.5500,10.1300,9.4200,318469151,3236544947.8400,3,4.263600,1,7.537200,0
2023-01-10,sh.600958,10.1700,10.9000,10.0700,10.2000,10.1300,348305679,3637523469.8900,3,4.663000,1,0.691000,0
2023-01-11,sh.600958,10.2000,10.5200,9.9500,10.3000,10.2000,219917424,2260877925.7800,3,2.944200,1,0.980400,0
2023-01-12,sh.600958,10.3900,10.7200,10.3100,10.7200,10.3000,184616557,1946009696.5600,3,2.471600,1,4.077700,0
2023-01-13,sh.600958,10.7800,10.9000,10.4200,10.8300,10.7200,189721745,2022516165.2300,3,2.540000,1,1.026100,0
2023-01-16,sh.600958,10.9300,11.5200,10.7400,10.8000,10.8300,342804460,3799383296.7300,3,4.589400,1,-0.277000,0
2023-01-17,sh.600958,10.7900,11.1500,10.7400,11.1100,10.8000,169182294,1856800013.5000,3,2.265000,1,2.870400,0
2023-01-18,sh.600958,10.8800,11.0700,10.8200,10.8700,11.1100,102208081,1117986154.7700,3,1.368300,1,-2.160200,0
2023-01-19,sh.600958,10.8200,11.1700,10.7700,11.1500,10.8700,121864833,1339195184.6900,3,1.631500,1,2.575900,0
2023-01-20,sh.600958,11.1400,11.1400,10.8000,11.0300,11.1500,82850470,910127890.3500,3,1.109200,1,-1.076200,0
2023-01-30,sh.600958,11.3300,11.5200,10.9600,11.1300,11.0300,153243179,1711160725.2500,3,2.051600,1,0.906600,0
2023-01-31,sh.600958,11.1100,11.2400,10.7600,10.8200,11.1300,124861476,1362824608.7900,3,1.671600,1,-2.785300,0
2023-02-01,sh.600958,10.8700,11.2200,10.7400,11.1500,10.8200,155226627,1701363731.8000,3,2.078100,1,3.049900,0
2023-02-02,sh.600958,11.2000,11.2000,10.5600,10.6200,11.1500,197627452,2123459761.2500,3,2.645800,1,-4.753400,0
2023-02-03,sh.600958,10.5700,10.6700,10.4400,10.6000,10.6200,83486964,881009264.6000,3,1.117700,1,-0.188300,0
2023-02-06,sh.600958,10.5300,10.5700,10.1400,10.1900,10.6000,153125249,1571997965.5700,3,2.050000,1,-3.867900,0
2023-02-07,sh.600958,10.2900,10.4200,10.2100,10.3900,10.1900,80318877,830306992.6200,3,1.075300,1,1.962700,0
2023-02-08,sh.600958,10.3600,10.4000,10.1300,10.2000,10.3900,70321525,718982700.8200,3,0.941500,1,-1.828700,0
2023-02-09,sh.600958,10.1600,10.5100,10.1600,10.4600,10.2000,113111936,1172145236.4500,3,1.514300,1,2.549000,0
2023-02-10,sh.600958,10.3900,10.4100,10.2600,10.2700,10.4600,60516411,624567830.6600,3,0.810200,1,-1.816400,0
2023-02-13,sh.600958,10.2300,10.3900,10.1600,10.3800,10.2700,74360069,764800597.5800,3,0.995500,1,1.071100,0
2023-02-14,sh.600958,10.3800,10.3900,10.2300,10.3100,10.3800,51287045,527877000.6600,3,0.686600,1,-0.674400,0
2023-02-15,sh.600958,10.3000,10.4300,10.1900,10.2500,10.3100,57766444,593241302.1300,3,0.773400,1,-0.582000,0
2023-02-16,sh.600958,10.2500,10.4700,10.0000,10.1000,10.2500,108311340,1114641182.8500,3,1.450100,1,-1.463400,0
2023-02-17,sh.600958,10.0000,10.1800,9.9100,9.9300,10.1000,58366636,585771329.7000,3,0.781400,1,-1.683200,0
2023-02-20,sh.600958,10.1000,10.4900,10.0600,10.4200,9.9300,118111851,1212720380.7600,3,1.581300,1,4.934500,0
2023-02-21,sh.600958,10.4300,10.6500,10.3500,10.6000,10.4200,107984389,1137954437.5800,3,1.445700,1,1.727400,0
2023-02-22,sh.600958,10.5000,10.5600,10.3600,10.4100,10.6000,71524973,747245810.7800,3,0.957600,1,-1.792500,0
2023-02-23,sh.600958,10.3500,10.6100,10.3400,10.4100,10.4100,63243281,661584228.9500,3,0.846700,1,0.000000,0
2023-02-24,sh.600958,10.4000,10.4500,10.1700,10.1900,10.4100,55287852,566374792.7100,3,0.740200,1,-2.113400,0
2023-02-27,sh.600958,10.1100,10.1300,9.9900,10.0300,10.1900,70187981,705039371.8300,3,0.939700,1,-1.570200,0
2023-02-28,sh.600958,10.1000,10.2000,10.0600,10.2000,10.0300,43341050,439277135.2900,3,0.580200,1,1.694900,0
2023-03-01,sh.600958,10.1600,10.3900,10.1000,10.3600,10.2000,61677575,634214880.3200,3,0.825700,1,1.568600,0
2023-03-02,sh.600958,10.3400,10.3400,10.1900,10.2400,10.3600,52570822,539011170.8200,3,0.703800,1,-1.158300,0
2023-03-03,sh.600958,10.2600,10.4600,10.2000,10.4300,10.2400,67334696,696852596.2000,3,0.901500,1,1.855500,0
2023-03-06,sh.600958,10.4200,10.4500,10.1200,10.1500,10.4300,77792418,794786417.9200,3,1.041500,1,-2.684600,0
2023-03-07,sh.600958,10.1200,10.3700,9.9700,10.0100,10.1500,78177927,793415131.7000,3,1.046600,1,-1.379300,0
2023-03-08,sh.600958,9.9600,10.0200,9.8300,10.0000,10.0100,54107286,537178364.9500,3,0.724400,1,-0.099900,0
2023-03-09,sh.600958,9.9700,10.0400,9.9000,9.9100,10.0000,38898727,386950815.1000,3,0.520800,1,-0.900000,0
2023-03-10,sh.600958,9.8400,9.8600,9.6700,9.6900,9.9100,63091565,615636958.0700,3,0.844700,1,-2.220000,0
2023-03-13,sh.600958,9.6900,9.9600,9.6700,9.9000,9.6900,63948928,630096733.4200,3,0.856100,1,2.167200,0
2023-03-14,sh.600958,9.8800,9.8800,9.5800,9.7100,9.9000,50564321,490770652.9500,3,0.676900,1,-1.919200,0
2023-03-15,sh.600958,9.8200,9.9000,9.7600,9.7700,9.7100,45837051,449905422.5300,3,0.613700,1,0.617900,0
2023-03-16,sh.600958,9.6900,9.7700,9.5800,9.6100,9.7700,45343736,438270062.9700,3,0.607100,1,-1.637700,0
2023-03-17,sh.600958,9.7300,9.9500,9.7300,9.8200,9.6100,71765658,707209002.7800,3,0.960800,1,2.185200,0
2023-03-20,sh.600958,9.8100,10.0000,9.7400,9.7700,9.8200,71031857,700584019.5700,3,0.951000,1,-0.509200,0
2023-03-21,sh.600958,9.8300,9.9300,9.7300,9.8500,9.7700,47747392,468905308.9000,3,0.639200,1,0.818800,0
2023-03-22,sh.600958,9.8600,10.0200,9.8000,9.8600,9.8500,62389821,616780698.1600,3,0.835300,1,0.101500,0
2023-03-23,sh.600958,9.7500,9.9500,9.7400,9.9100,9.8600,75180879,739583673.4000,3,1.006500,1,0.507100,0
2023-03-24,sh.600958,9.9200,9.9400,9.7800,9.8200,9.9100,54319381,535494823.3900,3,0.727200,1,-0.908200,0
2023-03-27,sh.600958,9.8600,9.9100,9.7000,9.8600,9.8200,64558370,632752417.9300,3,0.864300,1,0.407300,0
2023-03-28,sh.600958,9.8500,9.8600,9.6400,9.6800,9.8600,58227683,566079825.3900,3,0.779500,1,-1.825600,0
2023-03-29,sh.600958,9.6900,9.7200,9.5200,9.5800,9.6800,50572325,484478513.5200,3,0.677100,1,-1.033100,0
2023-03-30,sh.600958,9.5900,9.7700,9.4800,9.7100,9.5800,56631607,545691835.5700,3,0.758200,1,1.357000,0
2023-03-31,sh.600958,9.6700,9.8500,9.6700,9.7900,9.7100,55987140,547080285.1700,3,0.749500,1,0.823900,0
2023-04-03,sh.600958,9.7400,10.7400,9.7400,10.6400,9.7900,246943773,2548324978.3300,3,3.306000,1,8.682300,0
2023-04-04,sh.600958,10.5500,10.8100,10.4900,10.6000,10.6400,131818554,1400006763.7000,3,1.764800,1,-0.375900,0
2023-04-06,sh.600958,10.5300,10.6200,10.3300,10.4300,10.6000,102819781,1076191033.4500,3,1.376500,1,-1.603800,0
2023-04-07,sh.600958,10.4700,11.0200,10.4000,10.8100,10.4300,158838946,1714746780.0800,3,2.126500,1,3.643300,0
2023-04-10,sh.600958,11.2000,11.5900,11.0300,11.1600,10.8100,273456377,3089569221.6100,3,3.661000,1,3.237700,0
2023-04-11,sh.600958,11.3000,12.1200,11.3000,11.7000,11.1600,309588477,3630580347.4000,3,4.144700,1,4.838700,0
2023-04-12,sh.600958,11.5000,11.5700,11.2900,11.4000,11.7000,190800581,2176433101.4700,3,2.554400,1,-2.564100,0
2023-04-13,sh.600958,11.3100,11.4300,11.1100,11.1800,11.4000,118927958,1335495243.5400,3,1.592200,1,-1.929800,0
2023-04-14,sh.600958,11.2500,11.4000,11.0600,11.2500,11.1800,123557041,1390387714.3800,3,1.654200,1,0.626100,0
2023-04-17,sh.600958,11.3100,11.7300,11.2200,11.5100,11.2500,198478309,2291788111.9800,3,2.657200,1,2.311100,0
2023-04-18,sh.600958,11.4000,11.6200,11.2400,11.2600,11.5100,130859954,1486152472.2500,3,1.751900,1,-2.172000,0
2023-04-19,sh.600958,11.1700,11.3700,11.0700,11.1900,11.2600,89327085,1003686139.8300,3,1.195900,1,-0.621700,0
2023-04-20,sh.600958,11.1500,11.3400,11.1100,11.2400,11.1900,92498963,1035911269.4600,3,1.238400,1,0.446800,0
2023-04-21,sh.600958,11.1700,11.2100,10.6900,10.7100,11.2400,126122700,1374468950.1400,3,1.688500,1,-4.715300,0
2023-04-24,sh.600958,10.7000,10.7700,10.4200,10.5300,10.7100,93098790,985926653.8400,3,1.246400,1,-1.680700,0
2023-04-25,sh.600958,10.5700,10.8900,10.5100,10.6900,10.5300,114058343,1217429934.8100,3,1.527000,1,1.519500,0
2023-04-26,sh.600958,10.5800,10.6300,10.4000,10.5500,10.6900,79598334,837418477.5000,3,1.065600,1,-1.309600,0
2023-04-27,sh.600958,10.5400,10.7200,10.4000,10.5900,10.5500,96149717,1015566213.1100,3,1.287200,1,0.379100,0
2023-04-28,sh.600958,10.7900,10.9200,10.5200,10.7100,10.5900,135815758,1457318201.9400,3,1.818300,1,1.133100,0
2023-05-04,sh.600958,10.5500,10.8000,10.4700,10.7700,10.7100,102284337,1092856848.3400,3,1.369400,1,0.560200,0
2023-05-05,sh.600958,10.8000,11.3900,10.8000,11.0700,10.7700,201229729,2245586827.2700,3,2.694000,1,2.785500,0
2023-05-08,sh.600958,11.0800,11.4400,10.9300,11.3200,11.0700,174569107,1956729141.0000,3,2.337100,1,2.258400,0
2023-05-09,sh.600958,11.3500,11.9900,11.1800,11.1900,11.3200,301913890,3491372692.7400,3,4.042000,1,-1.148400,0
2023-05-10,sh.600958,11.2300,11.2500,10.6100,10.7000,11.1900,166827134,1807725518.5700,3,2.233400,1,-4.378900,0
2023-05-11,sh.600958,10.7800,10.8500,10.6200,10.6600,10.7000,80321949,860603600.7000,3,1.075300,1,-0.373800,0
2023-05-12,sh.600958,10.6100,10.6800,10.4100,10.4200,10.6600,77627083,816604074.4600,3,1.039300,1,-2.251400,0
2023-05-15,sh.600958,10.5200,10.6200,10.1400,10.6000,10.4200,93947160,974739563.1600,3,1.257700,1,1.727400,0
2023-05-16,sh.600958,10.6000,11.1700,10.5700,10.7300,10.6000,123994722,1350794177.5500,3,1.660000,1,1.226400,0
2023-05-17,sh.600958,10.5800,10.7400,10.5100,10.6000,10.7300,67599947,717555587.0700,3,0.905000,1,-1.211600,0
2023-05-18,sh.600958,10.6200,10.6700,10.4500,10.4800,10.6000,67442328,711128386.8700,3,0.902900,1,-1.132100,0
2023-05-19,sh.600958,10.4100,10.4200,10.1800,10.2300,10.4800,90834545,930530088.1200,3,1.216100,1,-2.385500,0
2023-05-22,sh.600958,10.1900,10.2800,10.1500,10.2000,10.2300,54764784,558369034.7300,3,0.733200,1,-0.293300,0
2023-05-23,sh.600958,10.2100,10.2400,10.0200,10.0200,10.2000,55485105,560320415.0300,3,0.742800,1,-1.764700,0
2023-05-24,sh.600958,9.9700,10.0500,9.8300,9.8500,10.0200,71277372,708556285.7500,3,0.954200,1,-1.696600,0
2023-05-25,sh.600958,9.8600,9.9200,9.7600,9.8900,9.8500,60027881,590814641.6100,3,0.803600,1,0.406100,0
2023-05-26,sh.600958,9.9300,9.9600,9.7800,9.9000,9.8900,45079749,444774364.0000,3,0.603500,1,0.101100,0
2023-05-29,sh.600958,9.8900,9.9500,9.7800,9.8100,9.9000,47025579,463568899.4300,3,0.629600,1,-0.909100,0
2023-05-30,sh.600958,9.8000,9.9500,9.7400,9.9400,9.8100,52297616,514891687.0300,3,0.700200,1,1.325200,0
2023-05-31,sh.600958,9.8400,9.9400,9.8300,9.8900,9.9400,42961616,425068670.2800,3,0.575200,1,-0.503000,0
2023-06-01,sh.600958,9.8600,10.0700,9.8100,9.9500,9.8900,55517348,553332826.9800,3,0.743300,1,0.606700,0
2023-06-02,sh.600958,10.0600,10.0800,9.9500,10.0100,9.9500,44135387,441437141.3500,3,0.590900,1,0.603000,0
2023-06-05,sh.600958,10.0000,10.0300,9.9100,9.9500,10.0100,39132847,389926772.2400,3,0.523900,1,-0.599400,0
2023-06-06,sh.600958,9.9400,10.0300,9.7800,9.7900,9.9500,54973780,545317297.6400,3,0.736000,1,-1.608000,0
2023-06-07,sh.600958,9.8000,9.9700,9.7900,9.8500,9.7900,38155021,376172207.7300,3,0.510800,1,0.612900,0
2023-06-08,sh.600958,9.8500,10.0500,9.7100,10.0000,9.8500,63878552,632375103.9500,3,0.855200,1,1.522800,0
2023-06-09,sh.600958,10.0200,10.0400,9.9000,9.9400,10.0000,40512791,402884569.2000,3,0.542400,1,-0.600000,0
2023-06-12,sh.600958,9.8800,9.8900,9.5000,9.6600,9.9400,84185309,811347588.2800,3,1.127100,1,-2.816900,0
2023-06-13,sh.600958,9.6400,9.8800,9.6300,9.8500,9.6600,51886959,507836185.1700,3,0.694700,1,1.966900,0
2023-06-14,sh.600958,9.8800,10.0600,9.8700,9.9000,9.8500,64779848,645462332.4900,3,0.867300,1,0.507600,0
2023-06-15,sh.600958,9.9000,10.1300,9.9000,10.0700,9.9000,86084986,865344482.0900,3,1.152500,1,1.717200,0
2023-06-16,sh.600958,10.1000,10.1700,9.9800,10.1500,10.0700,69635446,702788240.3600,3,0.932300,1,0.794400,0
2023-06-19,sh.600958,10.1500,10.1800,10.0200,10.0700,10.1500,41201896,415183403.9700,3,0.551600,1,-0.788200,0
2023-06-20,sh.600958,10.0800,10.1400,9.9800,9.9900,10.0700,43771762,439687584.8700,3,0.586000,1,-0.794400,0
2023-06-21,sh.600958,9.9800,10.0100,9.7800,9.7800,9.9900,48486992,479392677.1200,3,0.649100,1,-2.102100,0
2023-06-26,sh.600958,9.7000,9.7400,9.5100,9.5200,9.7800,56132907,539104775.5800,3,0.751500,1,-2.658500,0
2023-06-27,sh.600958,9.5600,9.6600,9.4800,9.6100,9.5200,33505748,321135651.0800,3,0.448600,1,0.945400,0
2023-06-28,sh.600958,9.5200,9.5300,9.3600,9.4200,9.4600,36440436,343891287.4600,3,0.487900,1,-0.422800,0
2023-06-29,sh.600958,9.4300,9.4600,9.3200,9.3900,9.4200,41728287,391204605.4900,3,0.558700,1,-0.318500,0
2023-06-30,sh.600958,9.3900,9.8000,9.3700,9.7000,9.3900,59219101,569449120.4300,3,0.792800,1,3.301400,0
2023-07-03,sh.600958,9.6700,9.9700,9.6700,9.9300,9.7000,62788581,620424117.3000,3,0.840600,1,2.371100,0
2023-07-04,sh.600958,9.9000,9.9900,9.8400,9.9200,9.9300,53812191,533528323.4500,3,0.720400,1,-0.100700,0
2023-07-05,sh.600958,9.9300,9.9400,9.8000,9.8100,9.9200,31185735,307271037.1000,3,0.417500,1,-1.108900,0
2023-07-06,sh.600958,9.7800,9.9000,9.7700,9.7900,9.8100,30328902,297903087.6400,3,0.406000,1,-0.203900,0
2023-07-07,sh.600958,9.7800,10.0100,9.7400,9.9500,9.7900,68766364,681938414.7300,3,0.920600,1,1.634300,0
2023-07-10,sh.600958,10.0400,10.0700,9.8800,9.9500,9.9500,46230048,459894226.1400,3,0.618900,1,0.000000,0
2023-07-11,sh.600958,9.9500,10.0200,9.8800,9.9500,9.9500,38569879,383410427.0400,3,0.516400,1,0.000000,0
2023-07-12,sh.600958,9.9600,10.0000,9.8200,9.8300,9.9500,41931477,415799485.2100,3,0.561400,1,-1.206000,0
2023-07-13,sh.600958,9.8900,10.0500,9.8700,10.0300,9.8300,60412383,604185977.5300,3,0.808800,1,2.034600,0
2023-07-14,sh.600958,9.9800,9.9800,9.7500,9.8700,10.0300,77354202,761865338.5400,3,1.035600,1,-1.595200,0
2023-07-17,sh.600958,9.8500,9.8600,9.7900,9.8500,9.8700,33358238,327895684.0400,3,0.446600,1,-0.202600,0
2023-07-18,sh.600958,9.8500,9.9600,9.8200,9.8500,9.8500,42326121,418123426.8500,3,0.566700,1,0.000000,0
2023-07-19,sh.600958,9.8200,9.9200,9.8200,9.9100,9.8500,30967615,305830831.6600,3,0.414600,1,0.609100,0
2023-07-20,sh.600958,9.9400,9.9900,9.7900,9.8000,9.9100,46689743,461121726.7500,3,0.625100,1,-1.110000,0
2023-07-21,sh.600958,9.7500,9.8700,9.7200,9.8100,9.8000,25337248,248665275.7700,3,0.339200,1,0.102000,0
2023-07-24,sh.600958,9.7700,9.8400,9.6700,9.7500,9.8100,25599290,249808314.8200,3,0.342700,1,-0.611600,0
2023-07-25,sh.600958,10.1000,10.4600,10.1000,10.3800,9.7500,185038232,1901830598.4900,3,2.477300,1,6.461500,0
2023-07-26,sh.600958,10.3700,10.3900,10.1700,10.2800,10.3800,78469076,806125729.9900,3,1.050500,1,-0.963400,0
2023-07-27,sh.600958,10.2800,10.3700,10.1000,10.1200,10.2800,74572086,762188023.3300,3,0.998400,1,-1.556400,0
2023-07-28,sh.600958,10.1200,10.9000,10.0800,10.8200,10.1200,223060566,2364269336.0600,3,2.986300,1,6.917000,0
2023-07-31,sh.600958,10.9500,11.1600,10.7600,10.8000,10.8200,208241803,2280036660.4500,3,2.787900,1,-0.184800,0
2023-08-01,sh.600958,10.7300,10.9000,10.5600,10.6900,10.8000,131859596,1415498120.6800,3,1.765300,1,-1.018500,0
2023-08-02,sh.600958,10.6900,10.9700,10.6200,10.7900,10.6900,105542252,1141542279.3500,3,1.413000,1,0.935500,0
2023-08-03,sh.600958,10.8400,11.2800,10.6600,11.1500,10.7900,187579428,2065678738.6800,3,2.511300,1,3.336400,0
2023-08-04,sh.600958,11.4000,11.6500,11.1600,11.1700,11.1500,277759776,3167497758.4900,3,3.718600,1,0.179400,0
2023-08-07,sh.600958,11.0800,11.1500,10.8800,11.0500,11.1700,131330387,1447128569.6500,3,1.758200,1,-1.074300,0
2023-08-08,sh.600958,10.9400,11.3800,10.7000,11.1400,11.0500,158689753,1755247759.5900,3,2.124500,1,0.814500,0
2023-08-09,sh.600958,11.0300,11.2000,11.0000,11.0500,11.1400,75676597,838786090.4000,3,1.013100,1,-0.807900,0
2023-08-10,sh.600958,11.0700,11.2500,11.0300,11.2100,11.0500,92031580,1026819024.3800,3,1.232100,1,1.448000,0
2023-08-11,sh.600958,11.1600,11.1700,10.7600,10.7800,11.2100,124500160,1360853084.2900,3,1.666800,1,-3.835900,0
2023-08-14,sh.600958,10.5900,10.7800,10.5400,10.6700,10.7800,92188826,984261561.3200,3,1.234200,1,-1.020400,0
2023-08-15,sh.600958,10.7100,10.9500,10.6700,10.8600,10.6700,90578946,979506396.3600,3,1.212700,1,1.780700,0
2023-08-16,sh.600958,10.7800,11.1200,10.6700,10.9000,10.8600,97090679,1061219300.9400,3,1.299800,1,0.368300,0
2023-08-17,sh.600958,10.8300,10.9400,10.6000,10.8200,10.9000,85945515,926464924.0800,3,1.150600,1,-0.733900,0
2023-08-18,sh.600958,10.8900,11.0000,10.6300,10.6300,10.8200,65419238,706539847.4600,3,0.875800,1,-1.756000,0
2023-08-21,sh.600958,10.5300,10.6200,10.3000,10.3000,10.6300,83487246,869827291.5300,3,1.117700,1,-3.104400,0
2023-08-22,sh.600958,10.3600,10.4900,10.2300,10.4100,10.3000,68404877,710329820.9800,3,0.915800,1,1.068000,0
2023-08-23,sh.600958,10.3900,10.4400,10.2400,10.2500,10.4100,48249894,497962769.6200,3,0.646000,1,-1.537000,0
2023-08-24,sh.600958,10.3100,10.5000,10.3100,10.3100,10.2500,58312448,606059010.5900,3,0.780700,1,0.585400,0
2023-08-25,sh.600958,10.3100,10.4300,10.2400,10.3000,10.3100,50301459,519972847.1100,3,0.673400,1,-0.097000,0
2023-08-28,sh.600958,11.3100,11.3300,10.4400,10.5000,10.3000,210365744,2289754185.7600,3,2.816300,1,1.941700,0
2023-08-29,sh.600958,10.4500,10.5400,10.1100,10.3500,10.5000,133199293,1376182941.3100,3,1.783200,1,-1.428600,0
2023-08-30,sh.600958,10.2600,10.3000,10.1300,10.1400,10.3500,82853254,845009572.8000,3,1.109200,1,-2.029000,0
2023-08-31,sh.600958,10.1500,10.1800,9.9500,9.9600,10.1400,63422646,635982303.6000,3,0.849100,1,-1.775100,0
2023-09-01,sh.600958,10.0400,10.1200,9.9600,9.9800,9.9600,41579311,416875619.5200,3,0.556700,1,0.200800,0
2023-09-04,sh.600958,10.0500,10.0900,9.9000,10.0000,9.9800,52068883,520496642.0400,3,0.697100,1,0.200400,0
2023-09-05,sh.600958,9.9800,9.9800,9.8500,9.8900,10.0000,53968832,534144862.6400,3,0.722500,1,-1.100000,0
2023-09-06,sh.600958,9.8700,9.9400,9.8400,9.9000,9.8900,35132285,347437784.9600,3,0.470300,1,0.101100,0
2023-09-07,sh.600958,9.9100,9.9400,9.8200,9.8300,9.9000,38058504,375954679.5800,3,0.509500,1,-0.707100,0
2023-09-08,sh.600958,9.8200,9.9100,9.7100,9.8700,9.8300,38673452,379033143.1500,3,0.517800,1,0.406900,0
2023-09-11,sh.600958,9.8700,10.0000,9.8000,9.9300,9.8700,58163674,576257879.1200,3,0.778700,1,0.607900,0
2023-09-12,sh.600958,9.9300,9.9400,9.8500,9.8600,9.9300,30665420,303158709.7200,3,0.410500,1,-0.704900,0
2023-09-13,sh.600958,9.8700,9.8700,9.7000,9.7400,9.8600,36323348,354543687.6800,3,0.486300,1,-1.217000,0
2023-09-14,sh.600958,9.7500,9.8100,9.7100,9.7600,9.7400,28669204,279648399.6000,3,0.383800,1,0.205300,0
2023-09-15,sh.600958,9.8000,9.8400,9.6400,9.6600,9.7600,42331538,411641584.4300,3,0.566700,1,-1.024600,0
2023-09-18,sh.600958,9.6100,9.7300,9.5800,9.7000,9.6600,29100212,281600640.4800,3,0.389600,1,0.414100,0
2023-09-19,sh.600958,9.7200,9.8500,9.6900,9.7900,9.7000,45472538,445184358.9200,3,0.608800,1,0.927800,0
2023-09-20,sh.600958,9.7600,9.8100,9.7300,9.7400,9.7900,17523847,171040188.4100,3,0.234600,1,-0.510700,0
2023-09-21,sh.600958,9.7000,9.7800,9.6300,9.6300,9.7400,29001083,281163120.2100,3,0.388300,1,-1.129400,0
2023-09-22,sh.600958,9.6400,9.8700,9.6200,9.8700,9.6300,47008994,459909191.1100,3,0.629300,1,2.492200,0
2023-09-25,sh.600958,9.8600,9.8600,9.6400,9.6500,9.8700,43562324,422498379.5800,3,0.583200,1,-2.229000,0
2023-09-26,sh.600958,9.6500,9.6900,9.5600,9.5600,9.6500,32893079,316353538.2100,3,0.440400,1,-0.932600,0
2023-09-27,sh.600958,9.5700,9.6300,9.5100,9.5200,9.5600,39181151,374162440.8300,3,0.524500,1,-0.418400,0
2023-09-28,sh.600958,9.5400,9.6000,9.5200,9.5800,9.5200,27191195,259984871.4100,3,0.364000,1,0.630300,0
2023-10-09,sh.600958,9.4100,9.4100,9.2200,9.3200,9.5800,47652633,443186268.4500,3,0.638000,1,-2.714000,0
2023-10-10,sh.600958,9.3400,9.4300,9.3200,9.3700,9.3200,29451917,276328354.1400,3,0.394300,1,0.536500,0
2023-10-11,sh.600958,9.2900,9.3000,8.5500,8.7600,9.3700,159833911,1404186384.9800,3,2.139800,1,-6.510100,0
2023-10-12,sh.600958,8.8300,8.9900,8.8000,8.9800,8.7600,84688245,754645470.8000,3,1.133800,1,2.511400,0
2023-10-13,sh.600958,8.8400,8.8900,8.7900,8.8500,8.9800,46704541,412752866.1000,3,0.625300,1,-1.447700,0
2023-10-16,sh.600958,8.7900,8.8100,8.6200,8.7100,8.8500,59243567,515726447.5600,3,0.793100,1,-1.581900,0
2023-10-17,sh.600958,8.5300,8.5500,8.0000,8.4900,8.7100,146351863,1218210943.3800,3,1.959300,1,-2.525800,0
2023-10-18,sh.600958,8.4300,8.6800,8.4100,8.5500,8.4900,66389816,569479453.3200,3,0.888800,1,0.706700,0
2023-10-19,sh.600958,8.5100,8.6000,8.4400,8.4600,8.5500,47349999,403470658.0700,3,0.633900,1,-1.052600,0
2023-10-20,sh.600958,8.4600,8.5900,8.3700,8.5000,8.4600,42034044,357402007.7800,3,0.562700,1,0.472800,0
2023-10-23,sh.600958,8.4500,8.6000,8.3800,8.4800,8.5000,45567042,386178492.5800,3,0.610000,1,-0.235300,0
2023-10-24,sh.600958,8.4900,8.6400,8.4000,8.6000,8.4800,88078954,750589204.9400,3,1.179200,1,1.415100,0
2023-10-25,sh.600958,8.6600,8.7400,8.5500,8.5500,8.6000,62591278,539698193.7700,3,0.838000,1,-0.581400,0
2023-10-26,sh.600958,8.4900,8.5900,8.4500,8.5600,8.5500,34871825,296794364.2300,3,0.466900,1,0.117000,0
2023-10-27,sh.600958,8.5300,8.6700,8.4600,8.6300,8.5600,41723729,357724132.4300,3,0.558600,1,0.817800,0
2023-10-30,sh.600958,8.5900,8.6500,8.5300,8.6300,8.6300,39752580,341557461.9100,3,0.532200,1,0.000000,0
2023-10-31,sh.600958,8.6600,8.7300,8.6100,8.6700,8.6300,41579024,360524829.6600,3,0.556700,1,0.463500,0
2023-11-01,sh.600958,8.7200,9.0200,8.6900,8.8100,8.6700,65681050,581573933.8300,3,0.879300,1,1.614800,0
2023-11-02,sh.600958,8.7800,8.9600,8.7300,8.8400,8.8100,60777271,539148265.4100,3,0.813700,1,0.340500,0
2023-11-03,sh.600958,8.8500,9.0300,8.8500,8.9500,8.8400,56813860,508055962.6200,3,0.760600,1,1.244300,0
2023-11-06,sh.600958,9.2300,9.2300,9.0200,9.1400,8.9500,125979747,1148284585.2300,3,1.686600,1,2.122900,0
2023-11-07,sh.600958,9.1000,9.1600,9.0400,9.1100,9.1400,74474036,677872982.9500,3,0.997000,1,-0.328200,0
2023-11-08,sh.600958,9.1100,9.1400,8.9900,9.0400,9.1100,62935689,569856021.5400,3,0.842600,1,-0.768400,0
2023-11-09,sh.600958,8.9900,9.0400,8.9600,8.9800,9.0400,41961742,377433453.2200,3,0.561800,1,-0.663700,0
2023-11-10,sh.600958,8.9800,9.0300,8.9200,8.9400,8.9800,34192169,306657612.7100,3,0.457800,1,-0.445400,0
2023-11-13,sh.600958,8.9500,9.0100,8.9100,8.9800,8.9400,28905036,259182219.4400,3,0.387000,1,0.447400,0
2023-11-14,sh.600958,8.9900,9.1400,8.9700,9.0400,8.9800,55098048,498732715.2200,3,0.737600,1,0.668200,0
2023-11-15,sh.600958,9.1300,9.1500,9.0200,9.0300,9.0400,44339404,402685116.2500,3,0.593600,1,-0.110600,0
2023-11-16,sh.600958,9.0200,9.0500,8.9400,8.9500,9.0300,32407861,291361574.5300,3,0.433900,1,-0.885900,0
2023-11-17,sh.600958,8.9300,9.0000,8.9100,8.9900,8.9500,25954810,232498451.6900,3,0.347500,1,0.446900,0
2023-11-20,sh.600958,9.0000,9.0200,8.8900,8.9400,8.9900,31244027,279255624.7100,3,0.418300,1,-0.556200,0
2023-11-21,sh.600958,8.9700,9.1600,8.9700,9.0100,8.9400,57986486,526265750.4700,3,0.776300,1,0.783000,0
2023-11-22,sh.600958,9.0000,9.0300,8.9200,8.9200,9.0100,28130429,252244462.4700,3,0.376600,1,-0.998900,0
2023-11-23,sh.600958,8.9200,8.9700,8.8700,8.9600,8.9200,24242097,216212118.8200,3,0.324500,1,0.448400,0
2023-11-24,sh.600958,8.9600,8.9600,8.8700,8.8800,8.9600,26311236,234393375.4000,3,0.352200,1,-0.892900,0
2023-11-27,sh.600958,8.8300,8.9200,8.7300,8.8300,8.8800,36822780,324336488.3500,3,0.493000,1,-0.563100,0
2023-11-28,sh.600958,8.8300,8.8500,8.7600,8.8100,8.8300,20663853,182046141.5800,3,0.276600,1,-0.226500,0
2023-11-29,sh.600958,8.8100,8.8200,8.7000,8.7100,8.8100,21300606,186322246.5200,3,0.285200,1,-1.135100,0
2023-11-30,sh.600958,8.7100,8.8200,8.6700,8.7100,8.7100,35827929,313458712.7700,3,0.479700,1,0.000000,0
2023-12-01,sh.600958,8.7200,8.8200,8.7000,8.8100,8.7100,25946272,227411213.4000,3,0.347400,1,1.148100,0
2023-12-04,sh.600958,8.8100,9.0500,8.8000,8.8600,8.8100,52949126,472013236.6000,3,0.708900,1,0.567500,0
2023-12-05,sh.600958,8.8200,8.8400,8.6700,8.6800,8.8600,36452898,319310994.0800,3,0.488000,1,-2.031600,0
2023-12-06,sh.600958,8.6800,8.7400,8.6400,8.6700,8.6800,26306891,228384592.3800,3,0.352200,1,-0.115200,0
2023-12-07,sh.600958,8.6700,8.8200,8.6400,8.7800,8.6700,30714674,269001617.0300,3,0.411200,1,1.268700,0
2023-12-08,sh.600958,8.7800,8.8100,8.6800,8.6800,8.7800,27438999,239718845.4000,3,0.367300,1,-1.139000,0
2023-12-11,sh.600958,8.6800,8.8000,8.5200,8.7800,8.6800,48881076,422588505.3200,3,0.654400,1,1.152100,0
2023-12-12,sh.600958,8.7500,8.8000,8.7000,8.7400,8.7800,30025736,262306972.2300,3,0.402000,1,-0.455600,0
2023-12-13,sh.600958,8.7400,8.7400,8.5900,8.6100,8.7400,29707389,256699334.7000,3,0.397700,1,-1.487400,0
2023-12-14,sh.600958,8.6400,8.6600,8.5600,8.5600,8.6100,23551449,202679271.0600,3,0.315300,1,-0.580700,0
2023-12-15,sh.600958,8.6100,8.6500,8.5400,8.5400,8.5600,20107779,172778923.9500,3,0.269200,1,-0.233600,0
2023-12-18,sh.600958,8.5600,8.5800,8.4500,8.4900,8.5400,21247297,180814713.6700,3,0.284500,1,-0.585500,0
2023-12-19,sh.600958,8.4600,8.5100,8.3800,8.4600,8.4900,25831685,218240590.8500,3,0.345800,1,-0.353400,0
2023-12-20,sh.600958,8.4500,8.4800,8.3100,8.3100,8.4600,27962090,234534990.7900,3,0.374400,1,-1.773000,0
2023-12-21,sh.600958,8.3000,8.4000,8.2500,8.3900,8.3100,24216076,201910254.6000,3,0.324200,1,0.962700,0
2023-12-22,sh.600958,8.3800,8.4300,8.3000,8.3500,8.3900,23738381,198548149.4200,3,0.317800,1,-0.476800,0
2023-12-25,sh.600958,8.4000,8.4000,8.3100,8.3300,8.3500,13664188,113996891.4500,3,0.182900,1,-0.239500,0
2023-12-26,sh.600958,8.3300,8.3500,8.1800,8.2100,8.3300,21138472,173844500.2800,3,0.283000,1,-1.440600,0
2023-12-27,sh.600958,8.2100,8.3200,8.1500,8.2800,8.2100,25147816,207377902.9800,3,0.336700,1,0.852600,0
2023-12-28,sh.600958,8.2700,8.6800,8.2500,8.6300,8.2800,55103242,469361199.2700,3,0.737700,1,4.227100,0
2023-12-29,sh.600958,8.5900,8.7100,8.5900,8.7000,8.6300,34949106,302993927.8500,3,0.467900,1,0.811100,0
2024-01-02,sh.600958,8.7000,8.7100,8.5200,8.5200,8.7000,30880173,265219172.6400,3,0.413400,1,-2.069000,0
2024-01-03,sh.600958,8.5100,8.5600,8.4500,8.5100,8.5200,20980359,178357951.9800,3,0.280900,1,-0.117400,0
2024-01-04,sh.600958,8.5200,8.5900,8.4500,8.5400,8.5100,30878243,263359303.3600,3,0.413400,1,0.352500,0
2024-01-05,sh.600958,8.5100,8.5600,8.3900,8.4400,8.5400,29384930,248927002.0600,3,0.393400,1,-1.171000,0
2024-01-08,sh.600958,8.4000,8.4400,8.2700,8.3000,8.4400,26603046,221291032.7400,3,0.356200,1,-1.658800,0
2024-01-09,sh.600958,8.2900,8.3300,8.1300,8.1600,8.3000,34637440,284859982.6600,3,0.463700,1,-1.686700,0
2024-01-10,sh.600958,8.1500,8.3000,8.1000,8.1800,8.1600,30032284,246266147.2400,3,0.402100,1,0.245100,0
2024-01-11,sh.600958,8.1900,8.2900,8.1500,8.2900,8.1800,31988800,263330944.4800,3,0.428300,1,1.344700,0
2024-01-12,sh.600958,8.2500,8.3200,8.2100,8.2200,8.2900,20195378,166816211.3300,3,0.270400,1,-0.844400,0
2024-01-15,sh.600958,8.1900,8.2900,8.1500,8.2400,8.2200,20572163,169305778.9700,3,0.275400,1,0.243300,0
2024-01-16,sh.600958,8.2300,8.3000,8.1400,8.3000,8.2400,33687429,276897649.1400,3,0.451000,1,0.728200,0
2024-01-17,sh.600958,8.2600,8.2700,8.1400,8.1500,8.3000,24883520,204401723.6900,3,0.333100,1,-1.807200,0
2024-01-18,sh.600958,8.1000,8.3000,7.9700,8.2900,8.1500,57844318,469007773.0900,3,0.774400,1,1.717800,0
2024-01-19,sh.600958,8.2700,8.3800,8.1800,8.3000,8.2900,40679264,336902613.2400,3,0.544600,1,0.120600,0
2024-01-22,sh.600958,8.2800,8.3900,8.0500,8.1400,8.3000,53010259,438125359.3200,3,0.709700,1,-1.927700,0
2024-01-23,sh.600958,8.1400,8.3100,8.0700,8.2500,8.1400,41263092,338913439.5300,3,0.552400,1,1.351400,0
2024-01-24,sh.600958,8.2800,8.7800,8.2500,8.6900,8.2500,103600745,880453331.7900,3,1.387000,1,5.333300,0
2024-01-25,sh.600958,8.6000,8.8400,8.5600,8.7500,8.6900,93383146,811681957.5100,3,1.250200,1,0.690400,0
2024-01-26,sh.600958,8.6900,8.8400,8.6100,8.7600,8.7500,62017787,542771708.4000,3,0.830300,1,0.114300,0
2024-01-29,sh.600958,8.6600,8.7100,8.5500,8.5500,8.7600,48812525,420346414.0100,3,0.653500,1,-2.397300,0
2024-01-30,sh.600958,8.4700,8.6100,8.4300,8.4300,8.5500,37018396,315555044.4200,3,0.495600,1,-1.403500,0
2024-01-31,sh.600958,8.4100,8.4600,8.2300,8.2700,8.4300,42946793,357541606.5300,3,0.575000,1,-1.898000,0
2024-02-01,sh.600958,8.2200,8.4000,8.1600,8.2900,8.2700,46088645,381467797.7200,3,0.617000,1,0.241800,0
2024-02-02,sh.600958,8.3000,8.3300,7.9000,8.1600,8.2900,57362686,466585872.0900,3,0.768000,1,-1.568200,0
2024-02-05,sh.600958,8.0800,8.2000,7.8800,8.0400,8.1600,54030058,434856556.7800,3,0.723300,1,-1.470600,0
2024-02-06,sh.600958,8.0200,8.5100,7.9500,8.4300,8.0400,63772814,527100364.9900,3,0.853800,1,4.850700,0
2024-02-07,sh.600958,8.4500,8.6000,8.3500,8.5500,8.4300,75984647,644729824.4700,3,1.017300,1,1.423500,0
2024-02-08,sh.600958,8.6000,8.7000,8.5200,8.6100,8.5500,68961422,592159315.0700,3,0.923200,1,0.701800,0
2024-02-19,sh.600958,8.5200,8.5200,8.3200,8.5000,8.6100,52650696,444356101.6100,3,0.704900,1,-1.277600,0
2024-02-20,sh.600958,8.4400,8.6000,8.4000,8.5600,8.5000,55330028,470611547.9000,3,0.740700,1,0.705900,0
2024-02-21,sh.600958,8.4700,8.7600,8.4600,8.5900,8.5600,88238401,761696478.0700,3,1.181300,1,0.350500,0
2024-02-22,sh.600958,8.5600,8.7400,8.5400,8.7000,8.5900,62948636,544372530.1400,3,0.842700,1,1.280600,0
2024-02-23,sh.600958,8.7300,8.7700,8.6500,8.7300,8.7000,47902141,417508536.5700,3,0.641300,1,0.344800,0
2024-02-26,sh.600958,8.7200,8.7600,8.6700,8.6900,8.7300,41576972,362147370.7600,3,0.556600,1,-0.458200,0
2024-02-27,sh.600958,8.6600,8.7800,8.6500,8.7800,8.6900,54409621,474727862.0600,3,0.728400,1,1.035700,0
2024-02-28,sh.600958,8.8400,8.9600,8.6000,8.6300,8.7800,93755007,827887277.8200,3,1.255200,1,-1.708400,0
2024-02-29,sh.600958,8.5600,8.8300,8.5500,8.8100,8.6300,69477867,607380437.4400,3,0.930200,1,2.085700,0
2024-03-01,sh.600958,8.8500,8.9900,8.8000,8.9700,8.8100,75586480,672443010.6700,3,1.011900,1,1.816100,0
2024-03-04,sh.600958,8.9500,8.9700,8.7800,8.8200,8.9700,50329517,445265843.2100,3,0.673800,1,-1.672200,0
2024-03-05,sh.600958,8.7800,8.8500,8.7400,8.7700,8.8200,40903366,359795587.1600,3,0.547600,1,-0.566900,0
2024-03-06,sh.600958,8.7900,8.8700,8.7100,8.7400,8.7700,37953452,332799295.8200,3,0.508100,1,-0.342100,0
2024-03-07,sh.600958,8.7600,8.7900,8.6100,8.6500,8.7400,48219762,419363826.2500,3,0.645600,1,-1.029700,0
2024-03-08,sh.600958,8.6500,8.6800,8.5500,8.6300,8.6500,35001547,301183507.7500,3,0.468600,1,-0.231200,0
2024-03-11,sh.600958,8.6400,8.7500,8.6200,8.7400,8.6300,39537378,343363819.2000,3,0.529300,1,1.274600,0
2024-03-12,sh.600958,8.7800,8.8900,8.7600,8.8200,8.7400,52499121,463282951.1400,3,0.702800,1,0.915300,0
2024-03-13,sh.600958,8.8000,8.8200,8.6900,8.7000,8.8200,37426795,326837802.8400,3,0.501100,1,-1.360500,0
2024-03-14,sh.600958,8.6900,8.7400,8.5700,8.6000,8.7000,33444193,289207494.0400,3,0.447700,1,-1.149400,0
2024-03-15,sh.600958,8.6100,8.6600,8.5300,8.6400,8.6000,32786883,281761321.5000,3,0.438900,1,0.465100,0
2024-03-18,sh.600958,8.6800,8.9000,8.6800,8.8400,8.6400,62661604,552218351.9700,3,0.838900,1,2.314800,0
2024-03-19,sh.600958,8.8400,8.8500,8.7100,8.7200,8.8400,35501478,311155425.8500,3,0.475300,1,-1.357500,0
2024-03-20,sh.600958,8.7100,8.7500,8.6600,8.7100,8.7200,28971081,252123645.9100,3,0.387900,1,-0.114700,0
2024-03-21,sh.600958,8.7300,8.8200,8.7100,8.7500,8.7100,39934819,349997637.3600,3,0.534600,1,0.459200,0
2024-03-22,sh.600958,8.7300,8.7400,8.5800,8.6000,8.7500,38090543,329117600.9800,3,0.509900,1,-1.714300,0
2024-03-25,sh.600958,8.5400,8.5500,8.3300,8.3500,8.6000,45810974,386653674.1300,3,0.613300,1,-2.907000,0
2024-03-26,sh.600958,8.3500,8.3900,8.2700,8.3700,8.3500,35421672,294810804.9900,3,0.474200,1,0.239500,0
2024-03-27,sh.600958,8.3400,8.3500,8.2200,8.2200,8.3700,26285900,217970180.9600,3,0.351900,1,-1.792100,0
2024-03-28,sh.600958,8.2200,8.3200,8.1600,8.2400,8.2200,35829622,295177063.1700,3,0.479700,1,0.243300,0
2024-03-29,sh.600958,8.2200,8.2600,8.1700,8.2500,8.2400,25546495,209949258.2800,3,0.342000,1,0.121400,0
2024-04-01,sh.600958,8.3200,8.3800,8.2800,8.3300,8.2500,34226058,284972737.8000,3,0.458200,1,0.969700,0
2024-04-02,sh.600958,8.3400,8.3700,8.2600,8.2900,8.3300,28683014,238043004.1700,3,0.384000,1,-0.480200,0
2024-04-03,sh.600958,8.2800,8.3100,8.2100,8.2300,8.2900,23512373,194006756.3600,3,0.314800,1,-0.723800,0
2024-04-08,sh.600958,8.1700,8.2100,8.0800,8.1000,8.2300,34726927,282296663.1600,3,0.464900,1,-1.579600,0
2024-04-09,sh.600958,8.0900,8.1500,8.0900,8.1300,8.1000,23418371,190148646.0200,3,0.313500,1,0.370400,0
2024-04-10,sh.600958,8.1200,8.1300,7.9900,8.0500,8.1300,31101212,250258646.3800,3,0.416400,1,-0.984000,0
2024-04-11,sh.600958,8.0100,8.0800,7.9900,8.0200,8.0500,32461662,260668824.9400,3,0.434600,1,-0.372700,0
2024-04-12,sh.600958,8.0100,8.0400,7.8700,7.9000,8.0200,44426106,351944807.4300,3,0.594800,1,-1.496300,0
2024-04-15,sh.600958,7.8900,8.0900,7.7900,8.0200,7.9000,57410740,457440089.9300,3,0.768600,1,1.519000,0
2024-04-16,sh.600958,7.9800,8.0000,7.8700,7.8800,8.0200,40060678,317542852.4700,3,0.536300,1,-1.745600,0
2024-04-17,sh.600958,7.8900,8.0400,7.8900,8.0400,7.8800,37482271,298593921.4100,3,0.501800,1,2.030500,0
2024-04-18,sh.600958,8.0100,8.1700,7.9800,8.0500,8.0400,43100086,348276873.9500,3,0.577000,1,0.124400,0
2024-04-19,sh.600958,8.0100,8.0700,8.0000,8.0300,8.0500,22251466,178793120.1000,3,0.297900,1,-0.248400,0
2024-04-22,sh.600958,7.9900,8.0900,7.9800,8.0300,8.0300,20831700,167297902.0100,3,0.278900,1,0.000000,0
2024-04-23,sh.600958,8.0100,8.0500,7.9600,7.9600,8.0300,20703540,165681781.5800,3,0.277200,1,-0.871700,0
2024-04-24,sh.600958,7.9700,8.0100,7.9100,8.0000,7.9600,22774731,181249587.5600,3,0.304900,1,0.502500,0
2024-04-25,sh.600958,7.9800,8.0500,7.9500,8.0000,8.0000,17089522,136671587.5600,3,0.228800,1,0.000000,0
2024-04-26,sh.600958,8.1500,8.4000,8.0800,8.3800,8.0000,95355880,786493262.1100,3,1.276600,1,4.750000,0
2024-04-29,sh.600958,8.3700,8.6000,8.3300,8.4900,8.3800,95439052,810412424.2500,3,1.277700,1,1.312600,0
2024-04-30,sh.600958,8.5000,8.5000,8.3200,8.3500,8.4900,48004068,402585696.4600,3,0.642700,1,-1.649000,0
2024-05-06,sh.600958,8.4700,8.5300,8.3800,8.4200,8.3500,55812172,471709935.3200,3,0.747200,1,0.838300,0
2024-05-07,sh.600958,8.4200,8.4300,8.3500,8.4000,8.4200,30582136,256445025.2400,3,0.409400,1,-0.237500,0
2024-05-08,sh.600958,8.3900,8.4500,8.3100,8.3200,8.4000,27979431,234070734.0100,3,0.374600,1,-0.952400,0
2024-05-09,sh.600958,8.3500,8.4300,8.3400,8.3700,8.3200,30012324,251673221.9200,3,0.401800,1,0.601000,0
2024-05-10,sh.600958,8.3900,8.4900,8.3500,8.4600,8.3700,39187856,330210054.8000,3,0.524600,1,1.075300,0
2024-05-13,sh.600958,8.4200,8.5500,8.3400,8.4800,8.4600,41400632,350226612.7600,3,0.554300,1,0.236400,0
2024-05-14,sh.600958,8.5200,8.5500,8.4200,8.5000,8.4800,26663748,225711296.6200,3,0.357000,1,0.235800,0
2024-05-15,sh.600958,8.5400,8.5700,8.3000,8.3100,8.5000,43050932,360990829.3600,3,0.576400,1,-2.235300,0
2024-05-16,sh.600958,8.3200,8.4200,8.3000,8.3100,8.3100,26811750,223885528.9200,3,0.359000,1,0.000000,0
2024-05-17,sh.600958,8.3100,8.4400,8.2900,8.4400,8.3100,27347473,228895619.0300,3,0.366100,1,1.564400,0
2024-05-20,sh.600958,8.4500,8.5300,8.4200,8.4500,8.4400,39202942,332336255.9300,3,0.524800,1,0.118500,0
2024-05-21,sh.600958,8.4300,8.4600,8.3500,8.3900,8.4500,20633477,173392393.4800,3,0.276200,1,-0.710100,0
2024-05-22,sh.600958,8.3800,8.4500,8.3500,8.4100,8.3900,24470501,205813554.7300,3,0.327600,1,0.238400,0
2024-05-23,sh.600958,8.4000,8.4200,8.2300,8.2500,8.4100,35097184,291411896.2800,3,0.469900,1,-1.902500,0
2024-05-24,sh.600958,8.2200,8.2600,8.1200,8.1400,8.2500,24907784,203999059.3800,3,0.333500,1,-1.333300,0
2024-05-27,sh.600958,8.1600,8.2100,8.1200,8.2000,8.1400,21738657,177599050.6800,3,0.291000,1,0.737100,0
2024-05-28,sh.600958,8.2000,8.2200,8.1100,8.1200,8.2000,19572886,159634486.4500,3,0.262000,1,-0.975600,0
2024-05-29,sh.600958,8.1300,8.2000,8.1000,8.1300,8.1200,19802406,161364301.4200,3,0.265100,1,0.123200,0
2024-05-30,sh.600958,8.1100,8.1300,8.0600,8.1100,8.1300,18363374,148710091.8000,3,0.245800,1,-0.246000,0
2024-05-31,sh.600958,8.1300,8.1600,8.0900,8.0900,8.1100,21348873,173286043.8000,3,0.285800,1,-0.246600,0
2024-06-03,sh.600958,8.0800,8.1000,8.0000,8.0600,8.0900,28967822,233097186.9100,3,0.387800,1,-0.370800,0
2024-06-04,sh.600958,8.0500,8.1100,8.0300,8.0800,8.0600,24139534,194861768.1400,3,0.323200,1,0.248100,0
2024-06-05,sh.600958,8.0900,8.1000,8.0200,8.0200,8.0800,21645816,174418205.1800,3,0.289800,1,-0.742600,0
2024-06-06,sh.600958,8.0200,8.0400,7.8900,7.8900,8.0200,34728478,276120376.5000,3,0.464900,1,-1.620900,0
2024-06-07,sh.600958,7.9200,8.0100,7.8200,7.9600,7.8900,34143435,270998414.7700,3,0.457100,1,0.887200,0
2024-06-11,sh.600958,7.9200,8.0500,7.9200,7.9900,7.9600,25933302,207383823.5400,3,0.347200,1,0.376900,0
2024-06-12,sh.600958,7.9900,8.0100,7.9500,7.9700,7.9900,16127076,128679753.9800,3,0.215900,1,-0.250300,0
2024-06-13,sh.600958,8.0000,8.0100,7.9300,7.9500,7.9700,17429208,138691252.7100,3,0.233300,1,-0.250900,0
2024-06-14,sh.600958,7.9400,8.1500,7.8800,8.1200,7.9500,50511448,405465281.5700,3,0.676200,1,2.138400,0
2024-06-17,sh.600958,8.0200,8.1300,8.0100,8.1100,8.1200,26168289,211414120.2000,3,0.350300,1,-0.123200,0
2024-06-18,sh.600958,8.0800,8.2200,8.0700,8.1700,8.1100,29435290,240577624.6800,3,0.394100,1,0.739800,0
2024-06-19,sh.600958,8.1500,8.1900,8.0700,8.0800,8.1700,18327120,148734920.2000,3,0.245400,1,-1.101600,0
2024-06-20,sh.600958,8.0600,8.0800,7.9700,7.9800,8.0800,22406256,179559997.9600,3,0.300000,1,-1.237600,0
2024-06-21,sh.600958,8.0000,8.0400,7.9600,7.9900,7.9800,20780962,166323983.4400,3,0.278200,1,0.125300,0
2024-06-24,sh.600958,7.9800,8.0200,7.9100,7.9600,7.9900,24854761,197817292.4800,3,0.332800,1,-0.375500,0
2024-06-25,sh.600958,7.9500,7.9700,7.7800,7.8300,7.9600,34837782,274205940.4200,3,0.466400,1,-1.633200,0
2024-06-26,sh.600958,7.8300,7.9200,7.7900,7.9100,7.8300,20581076,161607829.7700,3,0.275500,1,1.021700,0
2024-06-27,sh.600958,7.8600,7.9000,7.8200,7.8500,7.9100,21236108,166890731.5800,3,0.284300,1,-0.758500,0
2024-06-28,sh.600958,7.7400,7.7600,7.5300,7.6000,7.7000,42122128,322968542.8800,3,0.563900,1,-1.298700,0
2024-07-01,sh.600958,7.5800,7.6000,7.4800,7.6000,7.6000,24019003,181332323.4000,3,0.321600,1,0.000000,0
2024-07-02,sh.600958,7.5800,7.6700,7.5700,7.6000,7.6000,19998325,152291293.1200,3,0.267700,1,0.000000,0
2024-07-03,sh.600958,7.5800,7.6700,7.5500,7.6400,7.6000,16394733,124906875.2100,3,0.219500,1,0.526300,0
2024-07-04,sh.600958,7.6200,7.6700,7.4700,7.4800,7.6400,23826583,179615109.7100,3,0.319000,1,-2.094200,0
2024-07-05,sh.600958,7.4900,7.5200,7.4100,7.5000,7.4800,22329037,166662947.2900,3,0.298900,1,0.267400,0
2024-07-08,sh.600958,7.4900,7.4900,7.2700,7.2900,7.5000,29642920,217834315.9900,3,0.396900,1,-2.800000,0
2024-07-09,sh.600958,7.2900,7.4200,7.1900,7.4000,7.2900,30824968,225581676.2300,3,0.412700,1,1.508900,0
2024-07-10,sh.600958,7.3500,7.5200,7.3300,7.4300,7.4000,25065647,186571367.6300,3,0.335600,1,0.405400,0
2024-07-11,sh.600958,7.5000,7.6000,7.4700,7.5800,7.4300,25937312,195924833.3400,3,0.347200,1,2.018800,0
2024-07-12,sh.600958,7.5700,7.6200,7.5400,7.5800,7.5800,15948429,120828978.7800,3,0.213500,1,0.000000,0
2024-07-15,sh.600958,7.5600,7.6200,7.5400,7.5800,7.5800,13730808,104231303.4800,3,0.183800,1,0.000000,0
2024-07-16,sh.600958,7.6000,7.6800,7.5600,7.6600,7.5800,22921772,175204549.6700,3,0.306900,1,1.055400,0
2024-07-17,sh.600958,7.6600,7.7700,7.6500,7.7400,7.6600,25611393,197885797.0500,3,0.342900,1,1.044400,0
2024-07-18,sh.600958,7.7400,7.7900,7.6300,7.7800,7.7400,28327220,218906874.4400,3,0.379200,1,0.516800,0
2024-07-19,sh.600958,7.7600,7.9400,7.7500,7.9100,7.7800,35079746,276311193.8000,3,0.469600,1,1.671000,0
2024-07-22,sh.600958,7.9500,8.0300,7.8900,7.9700,7.9100,42460378,337863621.3200,3,0.568500,1,0.758500,0
2024-07-23,sh.600958,7.9500,8.0500,7.8500,7.8600,7.9700,36450919,290261210.9700,3,0.488000,1,-1.380200,0
2024-07-24,sh.600958,7.8500,7.9100,7.7900,7.8500,7.8600,29841415,234308693.3700,3,0.399500,1,-0.127200,0
2024-07-25,sh.600958,7.8300,7.9600,7.8200,7.9000,7.8500,23265594,184017772.8800,3,0.311500,1,0.636900,0
2024-07-26,sh.600958,7.9000,8.0400,7.8800,8.0000,7.9000,23725105,189429438.3600,3,0.317600,1,1.265800,0
2024-07-29,sh.600958,7.9900,8.2700,7.9800,8.1800,8.0000,60905030,498722001.7600,3,0.815400,1,2.250000,0
2024-07-30,sh.600958,8.1400,8.2600,8.0900,8.2500,8.1800,41336614,339091378.6500,3,0.553400,1,0.855700,0
2024-07-31,sh.600958,8.2500,8.6100,8.2300,8.5000,8.2500,90501033,765819008.7500,3,1.211600,1,3.030300,0
2024-08-01,sh.600958,8.4600,8.5300,8.4000,8.5100,8.5000,54861446,464912631.3000,3,0.734500,1,0.117600,0
2024-08-02,sh.600958,8.4700,8.5500,8.3800,8.4000,8.5100,42164455,356418696.7300,3,0.564500,1,-1.292600,0
2024-08-05,sh.600958,8.3800,8.5900,8.3500,8.4000,8.4000,61200698,518365895.7600,3,0.819300,1,0.000000,0
2024-08-06,sh.600958,8.4600,8.5200,8.3700,8.4600,8.4000,31208059,263228083.5500,3,0.417800,1,0.714300,0
2024-08-07,sh.600958,8.4800,8.5600,8.4200,8.5000,8.4600,27628084,234521717.1000,3,0.369900,1,0.472800,0
2024-08-08,sh.600958,8.4900,8.6600,8.4700,8.5400,8.5000,36907806,315782719.4100,3,0.494100,1,0.470600,0
2024-08-09,sh.600958,8.5300,8.6200,8.4500,8.4600,8.5400,30057172,256055019.5800,3,0.402400,1,-0.936800,0
2024-08-12,sh.600958,8.4300,8.5200,8.4000,8.4800,8.4600,31308978,265028774.2300,3,0.419200,1,0.236400,0
2024-08-13,sh.600958,8.4700,8.6100,8.4100,8.6100,8.4800,39248697,335325714.9100,3,0.525500,1,1.533000,0
2024-08-14,sh.600958,8.5900,8.6400,8.5100,8.5300,8.6100,20365484,174192075.4800,3,0.272600,1,-0.929200,0
2024-08-15,sh.600958,8.5000,8.6600,8.5000,8.5900,8.5300,32065241,275297691.0300,3,0.429300,1,0.703400,0
2024-08-16,sh.600958,8.5500,8.6200,8.4900,8.5400,8.5900,23043773,196834490.3600,3,0.308500,1,-0.582100,0
2024-08-19,sh.600958,8.5300,8.6100,8.5000,8.5800,8.5400,23034893,197677916.9000,3,0.308400,1,0.468400,0
2024-08-20,sh.600958,8.5900,8.6200,8.4300,8.4500,8.5800,27774568,236100867.1300,3,0.371800,1,-1.515200,0
2024-08-21,sh.600958,8.4400,8.5200,8.4000,8.4500,8.4500,16861047,142617678.1200,3,0.225700,1,0.000000,0
2024-08-22,sh.600958,8.4500,8.4800,8.2700,8.2900,8.4500,36927983,308257017.5600,3,0.494400,1,-1.893500,0
2024-08-23,sh.600958,8.2800,8.4300,8.2600,8.3700,8.2900,25465950,212578739.0800,3,0.340900,1,0.965000,0
2024-08-26,sh.600958,8.3900,8.4800,8.3500,8.4400,8.3700,24535257,206832125.5700,3,0.328500,1,0.836300,0
2024-08-27,sh.600958,8.4400,8.4500,8.3200,8.3400,8.4400,14166390,118329213.3400,3,0.189700,1,-1.184800,0
2024-08-28,sh.600958,8.3400,8.3800,8.2800,8.2900,8.3400,18202931,151568528.5800,3,0.243700,1,-0.599500,0
2024-08-29,sh.600958,8.2900,8.3800,8.2400,8.2500,8.2900,26008180,215812105.6800,3,0.348200,1,-0.482500,0
2024-08-30,sh.600958,8.2600,8.6000,8.2600,8.4200,8.2500,56327620,477239252.1900,3,0.754100,1,2.060600,0
2024-09-02,sh.600958,8.4000,8.4200,8.2700,8.2800,8.4200,36549757,304193906.6300,3,0.489300,1,-1.662700,0
2024-09-03,sh.600958,8.3000,8.5400,8.2700,8.4600,8.2800,39445311,333175037.1900,3,0.528100,1,2.173900,0
2024-09-04,sh.600958,8.4200,8.5100,8.3800,8.4300,8.4600,29643140,250167919.4400,3,0.396900,1,-0.354600,0
2024-09-05,sh.600958,8.4800,8.7000,8.4500,8.6400,8.4300,49614297,427047757.0700,3,0.664200,1,2.491100,0
2024-09-06,sh.600958,8.8400,8.8600,8.5300,8.5500,8.6400,69354786,598620097.5700,3,0.928500,1,-1.041700,0
2024-09-09,sh.600958,8.3800,8.6000,8.3100,8.4900,8.5500,44980803,382185342.1300,3,0.602200,1,-0.701800,0
2024-09-10,sh.600958,8.5000,8.5300,8.3800,8.4500,8.4900,24950820,210658132.2900,3,0.334000,1,-0.471100,0
2024-09-11,sh.600958,8.4500,8.5500,8.4300,8.5000,8.4500,20979243,177948922.4500,3,0.280900,1,0.591700,0
2024-09-12,sh.600958,8.4600,8.5200,8.4200,8.4900,8.5000,19303376,163595050.1000,3,0.258400,1,-0.117600,0
2024-09-13,sh.600958,8.4800,8.5500,8.4300,8.4300,8.4900,20044104,170032486.5500,3,0.268300,1,-0.706700,0
2024-09-18,sh.600958,8.4200,8.5200,8.4000,8.5000,8.4300,22932671,194252116.8600,3,0.307000,1,0.830400,0
2024-09-19,sh.600958,8.5200,8.6400,8.4400,8.5600,8.5000,30066252,257172687.9600,3,0.402500,1,0.705900,0
2024-09-20,sh.600958,8.5600,8.5900,8.4800,8.5800,8.5600,26234540,223928986.0800,3,0.351200,1,0.233600,0
2024-09-23,sh.600958,8.5600,8.6000,8.4700,8.5500,8.5800,23981029,204657662.4500,3,0.321100,1,-0.349700,0
2024-09-24,sh.600958,8.6000,9.0400,8.5900,9.0200,8.5500,105016150,932591034.3100,3,1.405900,1,5.497100,0
2024-09-25,sh.600958,9.2000,9.3500,8.9900,9.0500,9.0200,120511748,1106023789.6000,3,1.613400,1,0.332600,0
2024-09-26,sh.600958,9.0000,9.4200,8.9700,9.4200,9.0500,118112543,1088279093.0700,3,1.581300,1,4.088400,0
2024-09-27,sh.600958,9.6000,10.1000,9.4600,10.1000,9.4200,115833218,1131832947.0600,3,1.550800,1,7.218700,0
2024-09-30,sh.600958,10.9900,11.1100,10.5600,11.1100,10.1000,259175799,2843555140.7000,3,3.469800,1,10.000000,0
2024-10-08,sh.600958,12.2200,12.2200,11.7200,12.2200,11.1100,182564363,2217620979.0600,3,2.444100,1,9.991000,0
2024-10-09,sh.600958,12.2000,12.5200,11.1100,11.1300,12.2200,330836862,3893984832.2800,3,4.429200,1,-8.919800,0
2024-10-10,sh.600958,11.2500,11.4800,10.6800,11.0400,11.1300,196493002,2171243151.0100,3,2.630600,1,-0.808600,0
2024-10-11,sh.600958,10.9200,11.0700,10.5000,10.6100,11.0400,133836973,1438020228.8800,3,1.791800,1,-3.894900,0
2024-10-14,sh.600958,10.6100,10.8500,10.2800,10.6900,10.6100,130694093,1382328478.3300,3,1.749700,1,0.754000,0
2024-10-15,sh.600958,10.5700,10.6800,10.2800,10.3000,10.6900,89239750,937420060.6900,3,1.194700,1,-3.648300,0
2024-10-16,sh.600958,10.0900,10.4500,10.0900,10.2100,10.3000,74917371,766958444.2600,3,1.003000,1,-0.873800,0
2024-10-17,sh.600958,10.3500,10.4300,10.0700,10.0700,10.2100,66324722,679657184.4700,3,0.887900,1,-1.371200,0
2024-10-18,sh.600958,10.1000,10.9800,10.0300,10.5900,10.0700,140702058,1472378059.0400,3,1.883700,1,5.163900,0
2024-10-21,sh.600958,10.5700,10.7500,10.3800,10.6500,10.5900,101659972,1077588913.4800,3,1.361000,1,0.566600,0
2024-10-22,sh.600958,10.6100,10.7800,10.5400,10.7500,10.6500,81355667,866547618.1300,3,1.089200,1,0.939000,0
2024-10-23,sh.600958,10.7700,10.8500,10.5700,10.6100,10.7500,83755917,895573920.4700,3,1.121300,1,-1.302300,0
2024-10-24,sh.600958,10.5500,10.6400,10.4200,10.5300,10.6100,46842972,492690368.3100,3,0.627100,1,-0.754000,0
2024-10-25,sh.600958,10.5600,10.7500,10.5200,10.5800,10.5300,49444536,524311712.4100,3,0.662000,1,0.474800,0
2024-10-28,sh.600958,10.5600,10.6200,10.5000,10.5500,10.5800,49995211,526866879.3300,3,0.669300,1,-0.283600,0
2024-10-29,sh.600958,10.5600,10.7000,10.4000,10.4300,10.5500,61986869,653113576.4600,3,0.829900,1,-1.137400,0
2024-10-30,sh.600958,10.4000,10.5000,10.2700,10.4000,10.4300,46113113,479104024.8700,3,0.617400,1,-0.287600,0
2024-10-31,sh.600958,10.4000,10.7200,10.3300,10.5400,10.4000,101326541,1072033903.5300,3,1.356500,1,1.346200,0
2024-11-01,sh.600958,10.5400,10.6800,10.4600,10.4800,10.5400,91983812,972165594.7400,3,1.231500,1,-0.569300,0
2024-11-04,sh.600958,10.5700,10.8200,10.5500,10.8200,10.4800,88301698,945813995.2700,3,1.182200,1,3.244300,0
2024-11-05,sh.600958,10.9100,11.3000,10.7200,11.2900,10.8200,151639861,1689852685.5300,3,2.030100,1,4.343800,0
2024-11-06,sh.600958,11.4900,11.5700,11.1000,11.2100,11.2900,132190624,1493992606.6200,3,1.769700,1,-0.708600,0
2024-11-07,sh.600958,10.9000,11.8800,10.8800,11.7500,11.2100,185851137,2132130331.2900,3,2.488100,1,4.817100,0
2024-11-08,sh.600958,11.9900,12.0200,11.4800,11.5300,11.7500,140154950,1634031706.8700,3,1.876400,1,-1.872300,0
2024-11-11,sh.600958,11.2900,11.4900,11.2200,11.4400,11.5300,112510584,1275980974.9100,3,1.506300,1,-0.780600,0
2024-11-12,sh.600958,11.4400,11.5300,11.0100,11.1000,11.4400,86609212,976762586.7400,3,1.159500,1,-2.972000,0
2024-11-13,sh.600958,11.0800,11.3000,11.0100,11.2000,11.1000,63248142,705213858.3900,3,0.846800,1,0.900900,0
2024-11-14,sh.600958,11.2500,11.8000,11.2200,11.2800,11.2000,134200281,1544726132.6600,3,1.796600,1,0.714300,0
2024-11-15,sh.600958,11.2000,11.3900,10.7900,10.8000,11.2800,98944215,1095682244.4500,3,1.324600,1,-4.255300,0
