date,code,open,high,low,close,preclose,volume,amount,adjustflag,turn,tradestatus,pctChg,isST
2010-01-04,sh.601628,31.7100,31.8800,31.0000,31.0400,31.6900,16668838,522008446.0000,3,1.111256,1,-2.051100,0
2010-01-05,sh.601628,31.1900,31.7400,30.7500,31.4200,31.0400,15391886,481874673.0000,3,1.026126,1,1.224200,0
2010-01-06,sh.601628,31.2000,31.2000,30.3700,30.4500,31.4200,26432194,811371643.0000,3,1.762146,1,-3.087200,0
2010-01-07,sh.601628,30.3200,30.6000,29.4900,29.8800,30.4500,19595025,588229302.0000,3,1.306335,1,-1.871900,0
2010-01-08,sh.601628,29.6800,30.1300,29.4200,29.9200,29.8800,11967457,355159999.0000,3,0.797830,1,0.133900,0
2010-01-11,sh.601628,31.4900,31.6500,29.5500,29.6200,29.9200,31605291,959407229.0000,3,0.151777,1,-1.002700,0
2010-01-12,sh.601628,29.6900,30.1100,28.8300,30.1100,29.6200,20315340,598300553.0000,3,0.097560,1,1.654300,0
2010-01-13,sh.601628,29.6000,29.8000,28.6000,28.7900,30.1100,28276455,822591450.0000,3,0.135791,1,-4.383900,0
2010-01-14,sh.601628,29.0200,29.6000,28.6300,29.2800,28.7900,18435007,536048976.0000,3,0.088530,1,1.702000,0
2010-01-15,sh.601628,29.2500,29.6600,28.9000,29.5300,29.2800,15135085,443568630.0000,3,0.072683,1,0.853800,0
2010-01-18,sh.601628,29.3000,29.3000,28.7100,29.0100,29.5300,18562278,538260807.0000,3,0.089141,1,-1.760900,0
2010-01-19,sh.601628,29.0300,29.5000,28.9800,29.0900,29.0100,13371268,389823035.0000,3,0.064212,1,0.275800,0
2010-01-20,sh.601628,29.1000,29.2500,28.1600,28.3900,29.0900,18060706,518301508.0000,3,0.086732,1,-2.406300,0
2010-01-21,sh.601628,28.4200,29.4600,28.3800,29.0100,28.3900,20130739,582723614.0000,3,0.096673,1,2.183900,0
2010-01-22,sh.601628,28.5100,29.5300,28.3000,29.0900,29.0100,28816307,835323256.0000,3,0.138383,1,0.275800,0
2010-01-25,sh.601628,28.8800,29.5400,28.7000,29.0600,29.0900,18873616,551954487.0000,3,0.090636,1,-0.103100,0
2010-01-26,sh.601628,29.1000,29.2700,28.2000,28.3700,29.0600,15943974,457283593.0000,3,0.076567,1,-2.374400,0
2010-01-27,sh.601628,28.3500,28.4000,27.5400,27.6500,28.3700,17094748,476612362.0000,3,0.082093,1,-2.537900,0
2010-01-28,sh.601628,27.6000,27.7900,27.2000,27.3200,27.6500,12188497,334320868.0000,3,0.058532,1,-1.193500,0
2010-01-29,sh.601628,27.1100,27.6300,26.8800,27.0500,27.3200,12947096,352621608.0000,3,0.062175,1,-0.988300,0
2010-02-01,sh.601628,27.1000,27.1800,26.5000,26.9500,27.0500,15267603,409456051.0000,3,0.073319,1,-0.369700,0
2010-02-02,sh.601628,27.0800,27.5500,26.6700,26.6900,26.9500,10993672,298420129.0000,3,0.052794,1,-0.964700,0
2010-02-03,sh.601628,26.8200,27.7100,26.5800,27.5200,26.6900,14086526,384929631.0000,3,0.067647,1,3.109800,0
2010-02-04,sh.601628,27.3800,27.6800,27.2500,27.4200,27.5200,8876200,243656259.0000,3,0.042626,1,-0.363400,0
2010-02-05,sh.601628,26.8000,27.1000,26.6600,26.8100,27.4200,12501352,335265066.0000,3,0.060035,1,-2.224700,0
2010-02-08,sh.601628,26.7100,26.9700,26.5600,26.7100,26.8100,5326264,142638025.0000,3,0.025578,1,-0.373000,0
2010-02-09,sh.601628,26.7100,27.0500,26.6500,26.8900,26.7100,6437574,172869115.0000,3,0.030915,1,0.673900,0
2010-02-10,sh.601628,27.0200,27.5100,27.0200,27.4000,26.8900,12691071,346499901.0000,3,0.060946,1,1.896600,0
2010-02-11,sh.601628,27.4500,27.6700,27.3100,27.4300,27.4000,7094999,195411544.0000,3,0.034072,1,0.109500,0
2010-02-12,sh.601628,27.6900,28.1300,27.5300,28.0900,27.4300,7944960,222047065.0000,3,0.038154,1,2.406100,0
2010-02-22,sh.601628,27.8000,28.0000,27.6100,27.7000,28.0900,7201260,199966987.0000,3,0.034582,1,-1.388400,0
2010-02-23,sh.601628,27.6000,27.6000,26.0000,26.8300,27.7000,34021309,901644657.0000,3,0.163379,1,-3.140800,0
2010-02-24,sh.601628,26.5400,27.1500,26.3800,27.0800,26.8300,11529957,308105794.0000,3,0.055370,1,0.931800,0
2010-02-25,sh.601628,27.0200,27.3600,26.9000,27.1700,27.0800,12300793,333657250.0000,3,0.059072,1,0.332300,0
2010-02-26,sh.601628,27.1000,27.2900,26.9000,26.9800,27.1700,7933085,214689465.0000,3,0.038097,1,-0.699300,0
2010-03-01,sh.601628,27.1400,28.0900,27.0900,27.9000,26.9800,16522279,457433897.0000,3,0.079344,1,3.409900,0
2010-03-02,sh.601628,27.8000,27.9800,27.5000,27.7100,27.9000,6518620,180277595.0000,3,0.031304,1,-0.681000,0
2010-03-03,sh.601628,27.7100,27.8500,27.4300,27.6700,27.7100,7083637,195809498.0000,3,0.034017,1,-0.144400,0
2010-03-04,sh.601628,27.7000,27.7900,26.8800,27.0200,27.6700,7369721,201252173.0000,3,0.035391,1,-2.349100,0
2010-03-05,sh.601628,27.0900,27.3500,26.9300,27.0200,27.0200,5243973,142183724.0000,3,0.025183,1,0.000000,0
2010-03-08,sh.601628,27.0800,27.3000,27.0000,27.2000,27.0200,4527233,123106270.0000,3,0.021741,1,0.666200,0
2010-03-09,sh.601628,27.7100,28.3000,27.4100,28.0900,27.2000,20186117,562494798.0000,3,0.096939,1,3.272100,0
2010-03-10,sh.601628,28.0600,28.3500,27.7800,28.1100,28.0900,11021856,309165456.0000,3,0.052930,1,0.071200,0
2010-03-11,sh.601628,28.0400,28.3500,27.8400,28.1600,28.1100,7629431,214740300.0000,3,0.036639,1,0.177900,0
2010-03-12,sh.601628,28.1400,28.2800,27.8000,27.8100,28.1600,7076336,198809777.0000,3,0.033982,1,-1.242900,0
2010-03-15,sh.601628,27.7800,27.9800,27.1600,27.4400,27.8100,4656855,127660281.0000,3,0.022363,1,-1.330500,0
2010-03-16,sh.601628,27.4000,27.6600,27.2200,27.6300,27.4400,5001715,137604461.0000,3,0.024020,1,0.692400,0
2010-03-17,sh.601628,27.6700,28.5500,27.5300,28.4100,27.6300,11052925,311959086.0000,3,0.053079,1,2.823000,0
2010-03-18,sh.601628,28.2600,28.4400,28.0700,28.1500,28.4100,6951524,196449843.0000,3,0.033383,1,-0.915200,0
2010-03-19,sh.601628,28.1500,28.5000,28.0500,28.3400,28.1500,5558983,157059999.0000,3,0.026696,1,0.675000,0
2010-03-22,sh.601628,28.3400,28.5500,27.9800,28.0800,28.3400,8058945,227063384.0000,3,0.038701,1,-0.917400,0
2010-03-23,sh.601628,28.1900,28.2700,27.8100,27.8700,28.0800,5446177,152278741.0000,3,0.026154,1,-0.747900,0
2010-03-24,sh.601628,27.9000,28.3000,27.5500,27.7300,27.8700,6728040,187420018.0000,3,0.032310,1,-0.502300,0
2010-03-25,sh.601628,27.6100,27.6200,27.1500,27.4000,27.7300,8012218,219064924.0000,3,0.038477,1,-1.190000,0
2010-03-26,sh.601628,27.3500,27.9800,27.1900,27.6000,27.4000,9098580,252083584.0000,3,0.043694,1,0.729900,0
2010-03-29,sh.601628,27.8700,28.7000,27.7600,28.6400,27.6000,19848124,564592682.0000,3,0.095316,1,3.768100,0
2010-03-30,sh.601628,28.5400,28.8000,28.4100,28.7300,28.6400,10090033,289267689.0000,3,0.048455,1,0.314200,0
2010-03-31,sh.601628,28.6400,28.8900,28.3100,28.4800,28.7300,8441077,240961499.0000,3,0.040536,1,-0.870200,0
2010-04-01,sh.601628,28.5200,29.0000,28.4800,28.9000,28.4800,9919887,285971957.0000,3,0.047638,1,1.474700,0
2010-04-02,sh.601628,28.9000,29.0800,28.7800,28.9600,28.9000,8991179,260072280.0000,3,0.043178,1,0.207600,0
2010-04-06,sh.601628,29.1100,29.1800,28.5800,28.7300,28.9600,6285373,181334575.0000,3,0.030184,1,-0.794200,0
2010-04-07,sh.601628,28.7000,29.0900,28.6000,29.0000,28.7300,8839273,255146166.0000,3,0.042448,1,0.939800,0
2010-04-08,sh.601628,29.0000,29.0000,28.0100,28.3200,29.0000,10676862,304412348.0000,3,0.051273,1,-2.344800,0
2010-04-09,sh.601628,28.3800,28.8000,28.0500,28.6400,28.3200,10961350,311434826.0000,3,0.052639,1,1.129900,0
2010-04-12,sh.601628,28.6400,29.0000,27.7600,28.1000,28.6400,15589689,441667508.0000,3,0.074866,1,-1.885500,0
2010-04-13,sh.601628,28.1000,29.7000,28.1000,29.2800,28.1000,32601477,948393137.0000,3,0.156561,1,4.199300,0
2010-04-14,sh.601628,29.1800,29.3700,28.8200,29.1300,29.2800,12419117,361186121.0000,3,0.059640,1,-0.512300,0
2010-04-15,sh.601628,29.1200,29.3200,28.8300,29.1800,29.1300,12385847,360582032.0000,3,0.059480,1,0.171600,0
2010-04-16,sh.601628,29.0800,29.3000,28.7000,28.7400,29.1800,9925284,287317152.0000,3,0.047664,1,-1.507900,0
2010-04-19,sh.601628,28.1100,28.5300,27.4000,27.4800,28.7400,13846080,386889923.0000,3,0.066492,1,-4.384100,0
2010-04-20,sh.601628,27.5300,27.7700,26.9000,27.6000,27.4800,17423895,476716405.0000,3,0.083674,1,0.436700,0
2010-04-21,sh.601628,27.4000,28.0300,27.2700,27.8600,27.6000,15740486,435275486.0000,3,0.075590,1,0.942000,0
2010-04-22,sh.601628,27.6500,27.6500,26.6100,27.1600,27.8600,16240548,440896111.0000,3,0.077991,1,-2.512600,0
2010-04-23,sh.601628,27.0800,27.4900,26.8200,27.1300,27.1600,11330530,307393773.0000,3,0.054412,1,-0.110500,0
2010-04-26,sh.601628,27.1900,27.3000,26.5800,26.7300,27.1300,12121173,326816985.0000,3,0.058209,1,-1.474400,0
2010-04-27,sh.601628,26.7000,26.7800,25.7600,26.4300,26.7300,17149615,449478333.0000,3,0.082357,1,-1.122300,0
2010-04-28,sh.601628,26.0200,26.4100,25.8800,26.1000,26.4300,8047948,210168470.0000,3,0.038648,1,-1.248600,0
2010-04-29,sh.601628,26.3800,26.5500,26.0000,26.1400,26.1000,9980132,262955168.0000,3,0.047927,1,0.153300,0
2010-04-30,sh.601628,26.2000,26.8000,25.9100,26.5700,26.1400,10591471,280069307.0000,3,0.050863,1,1.645000,0
2010-05-04,sh.601628,26.2000,26.7600,26.1500,26.2400,26.5700,10542609,278454667.0000,3,0.050628,1,-1.242000,0
2010-05-05,sh.601628,25.9900,26.1500,24.8800,26.0200,26.2400,20392083,518298766.0000,3,0.097928,1,-0.838400,0
2010-05-06,sh.601628,25.7600,25.9700,24.8100,24.9100,26.0200,12586721,318441525.0000,3,0.060445,1,-4.265900,0
2010-05-07,sh.601628,24.4800,25.2600,24.2300,24.8000,24.9100,15753351,390303655.0000,3,0.075652,1,-0.441600,0
2010-05-10,sh.601628,24.8700,25.5500,24.7800,25.3000,24.8000,14725431,369865056.0000,3,0.070715,1,2.016100,0
2010-05-11,sh.601628,25.7100,25.8500,23.6600,24.3200,25.3000,28990958,706430023.0000,3,0.139222,1,-3.873500,0
2010-05-12,sh.601628,24.0200,24.9800,24.0000,24.8700,24.3200,26277830,647712341.0000,3,0.126193,1,2.261500,0
2010-05-13,sh.601628,24.9200,25.9200,24.8800,25.6100,24.8700,22489591,573295590.0000,3,0.108001,1,2.975500,0
2010-05-14,sh.601628,25.2600,25.6400,25.2000,25.3800,25.6100,7747420,196982336.0000,3,0.037205,1,-0.898100,0
2010-05-17,sh.601628,25.0000,25.1000,23.7800,23.9700,25.3800,17938312,434533246.0000,3,0.086144,1,-5.555600,0
2010-05-18,sh.601628,24.0400,24.6800,23.8000,24.6400,23.9700,15514909,376330684.0000,3,0.074507,1,2.795200,0
2010-05-19,sh.601628,24.2600,25.0000,24.1000,24.7000,24.6400,10586151,259710154.0000,3,0.050837,1,0.243500,0
2010-05-20,sh.601628,24.5000,24.9000,23.8500,24.0000,24.7000,13059981,316567418.0000,3,0.062717,1,-2.834000,0
2010-05-21,sh.601628,23.5000,24.0800,23.4000,24.0200,24.0000,9369449,223589160.0000,3,0.044995,1,0.083300,0
2010-05-24,sh.601628,24.2400,24.9400,24.1800,24.8200,24.0200,13435059,332093632.0000,3,0.064519,1,3.330600,0
2010-05-25,sh.601628,24.6900,24.6900,23.5000,23.9900,24.8200,14085264,340871403.0000,3,0.067641,1,-3.344100,0
2010-05-26,sh.601628,24.1800,24.4800,24.0200,24.1400,23.9900,8860277,214315570.0000,3,0.042549,1,0.625300,0
2010-05-27,sh.601628,24.0200,24.8000,23.7000,24.6300,24.1400,10827693,264105925.0000,3,0.051997,1,2.029800,0
2010-05-28,sh.601628,24.9000,25.0000,24.5000,24.7300,24.6300,8355919,207211037.0000,3,0.040127,1,0.406000,0
2010-05-31,sh.601628,24.5000,24.8000,24.0000,24.1100,24.7300,8478030,206701831.0000,3,0.040714,1,-2.507100,0
2010-06-01,sh.601628,24.0100,24.4500,23.9500,24.3300,24.1100,8151996,197397162.0000,3,0.039148,1,0.912500,0
2010-06-02,sh.601628,24.2100,24.3900,23.9100,24.1500,24.3300,7774869,187370479.0000,3,0.037337,1,-0.739800,0
2010-06-03,sh.601628,24.3100,24.8000,24.1000,24.3800,24.1500,9862824,241658399.0000,3,0.047364,1,0.952400,0
2010-06-04,sh.601628,24.3800,24.3800,24.3800,24.3800,24.3800,0,0.0000,3,,0,0.000000,0
2010-06-07,sh.601628,24.0000,24.1000,23.5500,23.8200,24.3800,7263093,173421405.0000,3,0.034879,1,-2.297000,0
2010-06-08,sh.601628,23.8400,23.9800,23.3100,23.3800,23.8200,8091953,191024671.0000,3,0.038860,1,-1.847200,0
2010-06-09,sh.601628,23.5000,24.6800,22.8200,24.2900,23.3800,25331868,599485513.0000,3,0.121650,1,3.892223,0
2010-06-10,sh.601628,23.7000,23.9500,23.6100,23.8100,24.2900,8932074,212344285.0000,3,0.042894,1,-1.976100,0
2010-06-11,sh.601628,24.0000,24.2100,23.9000,23.9400,23.8100,10903429,261924143.0000,3,0.052361,1,0.546000,0
2010-06-17,sh.601628,24.1900,24.2500,23.8500,23.9400,23.9400,7027105,168896169.0000,3,0.033746,1,0.000000,0
2010-06-18,sh.601628,23.9300,24.3100,23.8800,24.0000,23.9400,8755102,211291788.0000,3,0.042044,1,0.250600,0
2010-06-21,sh.601628,24.1000,25.4000,24.0700,25.2100,24.0000,23049432,575596225.0000,3,0.110689,1,5.041700,0
2010-06-22,sh.601628,25.0000,25.3600,24.9000,25.2600,25.2100,9470556,238308757.0000,3,0.045480,1,0.198300,0
2010-06-23,sh.601628,25.2500,25.5300,24.8000,25.2900,25.2600,9234136,232427846.0000,3,0.044345,1,0.118800,0
2010-06-24,sh.601628,24.7500,25.1800,24.5100,24.8600,24.5900,7941688,197998663.0000,3,0.038138,1,1.098000,0
2010-06-25,sh.601628,24.7000,25.6600,24.6300,25.1000,24.8600,13388811,338761396.0000,3,0.064297,1,0.965400,0
2010-06-28,sh.601628,25.0100,25.5200,24.7400,25.2200,25.1000,9205032,232578067.0000,3,0.044205,1,0.478100,0
2010-06-29,sh.601628,25.1800,25.3400,24.0500,24.1700,25.2200,10067650,248183649.0000,3,0.048347,1,-4.163400,0
2010-06-30,sh.601628,24.0100,25.0000,23.9200,24.7000,24.1700,10397298,255201365.0000,3,0.049931,1,2.192800,0
2010-07-01,sh.601628,24.6000,24.9600,24.1600,24.7000,24.7000,9982585,245372306.0000,3,0.047939,1,0.000000,0
2010-07-02,sh.601628,24.6000,25.3600,24.5000,25.3300,24.7000,14955600,372530282.0000,3,0.071821,1,2.550600,0
2010-07-05,sh.601628,25.0000,25.3500,24.5300,25.0900,25.3300,9908140,247520765.0000,3,0.047581,1,-0.947500,0
2010-07-06,sh.601628,25.0100,25.3700,24.8600,25.2700,25.0900,9707305,244146966.0000,3,0.046617,1,0.717400,0
2010-07-07,sh.601628,25.1700,25.3100,24.8800,25.2300,25.2700,11675904,293543394.0000,3,0.056071,1,-0.158300,0
2010-07-08,sh.601628,25.2500,25.2900,24.9600,24.9900,25.2300,8309041,208217763.0000,3,0.039902,1,-0.951200,0
2010-07-09,sh.601628,24.9900,25.5500,24.2800,24.6600,24.9900,35766712,892003942.0000,3,0.171761,1,-1.320500,0
2010-07-12,sh.601628,24.0000,24.0000,22.6800,23.5500,24.6600,101617062,2350035445.0000,3,0.487992,1,-4.501200,0
2010-07-13,sh.601628,23.0500,23.1800,22.8100,23.0400,23.5500,56570580,1301853348.0000,3,0.271667,1,-2.165600,0
2010-07-14,sh.601628,23.1100,23.2800,22.6000,22.8300,23.0400,52407187,1204100488.0000,3,0.251673,1,-0.911500,0
2010-07-15,sh.601628,22.6500,23.0200,22.2600,22.3600,22.8300,33669279,761166088.0000,3,0.161689,1,-2.058700,0
2010-07-16,sh.601628,22.2700,22.3600,22.0300,22.3200,22.3600,21198222,469961718.0000,3,0.101799,1,-0.178895,0
2010-07-19,sh.601628,22.1000,22.9900,22.0600,22.9400,22.3200,33646603,762649511.0000,3,0.161580,1,2.777800,0
2010-07-20,sh.601628,22.9000,23.4000,22.8300,23.2100,22.9400,30669880,710710914.0000,3,0.147285,1,1.177000,0
2010-07-21,sh.601628,23.2500,23.2500,23.0000,23.0500,23.2100,22968163,530886538.0000,3,0.110299,1,-0.689400,0
2010-07-22,sh.601628,22.9500,23.5400,22.9200,23.4800,23.0500,29763762,694655706.0000,3,0.142933,1,1.865500,0
2010-07-23,sh.601628,23.4900,23.6900,23.3000,23.4600,23.4800,22589287,529952057.0000,3,0.108480,1,-0.085200,0
2010-07-26,sh.601628,23.5000,23.5600,23.1300,23.4100,23.4600,18229757,425681558.0000,3,0.087544,1,-0.213100,0
2010-07-27,sh.601628,23.3300,23.6500,23.2100,23.4300,23.4100,15896972,372901510.0000,3,0.076341,1,0.085400,0
2010-07-28,sh.601628,23.4500,24.0400,23.2800,23.9500,23.4300,27473603,652772929.0000,3,0.131935,1,2.219400,0
2010-07-29,sh.601628,23.9600,24.2400,23.7800,23.9500,23.9500,29022970,696312431.0000,3,0.139376,1,0.000000,0
2010-07-30,sh.601628,24.0100,24.0700,23.6900,23.9100,23.9500,14230385,339455180.0000,3,0.068338,1,-0.167000,0
2010-08-02,sh.601628,23.9400,24.3400,23.8800,24.2300,23.9100,17174223,414460328.0000,3,0.082475,1,1.338400,0
2010-08-03,sh.601628,24.3600,24.4300,23.8000,23.8200,24.2300,22039907,532026431.0000,3,0.105841,1,-1.692100,0
2010-08-04,sh.601628,23.8100,24.0000,23.5300,23.8400,23.8200,15831825,376661227.0000,3,0.076029,1,0.084000,0
2010-08-05,sh.601628,23.8600,23.9500,23.5600,23.7500,23.8400,21563822,512088059.0000,3,0.103555,1,-0.377500,0
2010-08-06,sh.601628,23.7600,24.0300,23.5500,24.0100,23.7500,25627147,610328271.0000,3,0.123068,1,1.094700,0
2010-08-09,sh.601628,23.9000,24.1400,23.7300,23.9400,24.0100,21511574,514146112.0000,3,0.103304,1,-0.291500,0
2010-08-10,sh.601628,24.0100,24.1300,23.4000,23.4600,23.9400,21649104,515304234.0000,3,0.103965,1,-2.005000,0
2010-08-11,sh.601628,23.3700,23.6000,23.2000,23.5000,23.4600,12506689,292413098.0000,3,0.060060,1,0.170500,0
2010-08-12,sh.601628,23.2500,23.5300,23.1600,23.1800,23.5000,9044839,210805953.0000,3,0.043436,1,-1.361700,0
2010-08-13,sh.601628,23.1900,23.4000,22.9800,23.2900,23.1800,10901319,252627671.0000,3,0.052351,1,0.474500,0
2010-08-16,sh.601628,23.2500,24.0500,23.0800,23.8500,23.2900,22854727,540965740.0000,3,0.109754,1,2.404500,0
2010-08-17,sh.601628,23.7700,24.2300,23.7600,23.9800,23.8500,22582284,542664635.0000,3,0.108446,1,0.545100,0
2010-08-18,sh.601628,24.0000,24.2200,23.8000,23.8600,23.9800,15717834,377806179.0000,3,0.075481,1,-0.500400,0
2010-08-19,sh.601628,23.8400,24.3800,23.8100,24.2000,23.8600,21860357,528416522.0000,3,0.104979,1,1.425000,0
2010-08-20,sh.601628,24.0300,24.7600,23.9800,24.0700,24.2000,30195850,736584470.0000,3,0.145008,1,-0.537200,0
2010-08-23,sh.601628,23.9000,24.3000,23.8500,23.9400,24.0700,11278174,270953819.0000,3,0.054161,1,-0.540100,0
2010-08-24,sh.601628,23.9300,24.1200,23.6000,23.8100,23.9400,13133253,312904451.0000,3,0.063069,1,-0.543000,0
2010-08-25,sh.601628,23.7300,23.9600,23.2400,23.2600,23.8100,11242500,264405335.0000,3,0.053989,1,-2.310000,0
2010-08-26,sh.601628,23.3100,23.3900,22.3700,22.5000,23.2600,41609237,945210445.0000,3,0.199818,1,-3.267400,0
2010-08-27,sh.601628,22.5000,22.5200,22.2200,22.4100,22.5000,23674844,528791230.0000,3,0.113693,1,-0.400000,0
2010-08-30,sh.601628,22.4700,22.7200,22.4600,22.5900,22.4100,25315256,572200898.0000,3,0.121570,1,0.803200,0
2010-08-31,sh.601628,22.5400,22.5400,22.2400,22.3000,22.5900,19062623,425622116.0000,3,0.091544,1,-1.283800,0
2010-09-01,sh.601628,22.3300,22.6700,22.2400,22.3900,22.3000,20142734,451377247.0000,3,0.096731,1,0.403600,0
2010-09-02,sh.601628,22.7900,22.7900,22.3700,22.4100,22.3900,22260956,500973184.0000,3,0.106903,1,0.089300,0
2010-09-03,sh.601628,22.4200,22.4900,22.1200,22.1800,22.4100,27845804,619263036.0000,3,0.133723,1,-1.026300,0
2010-09-06,sh.601628,22.3800,22.8600,22.2800,22.8100,22.1800,35621362,805027563.0000,3,0.171063,1,2.840400,0
2010-09-07,sh.601628,22.8700,22.8800,22.4000,22.5800,22.8100,25275586,570358074.0000,3,0.121380,1,-1.008300,0
2010-09-08,sh.601628,22.4800,22.6000,22.2000,22.3300,22.5800,21765720,485623087.0000,3,0.104525,1,-1.107175,0
2010-09-09,sh.601628,22.3500,22.3900,22.1300,22.1500,22.3300,18293496,406463738.0000,3,0.087850,1,-0.806100,0
2010-09-10,sh.601628,22.1700,22.2700,22.0200,22.1100,22.1500,16093839,355999056.0000,3,0.077287,1,-0.180600,0
2010-09-13,sh.601628,22.1800,22.5800,22.0300,22.3600,22.1100,20205944,450839953.0000,3,0.097034,1,1.130700,0
2010-09-14,sh.601628,22.5100,22.6600,22.1000,22.2200,22.3600,30848591,689709801.0000,3,0.148143,1,-0.626100,0
2010-09-15,sh.601628,22.1500,22.2200,21.3300,21.4400,22.2200,32274567,704409871.0000,3,0.154991,1,-3.510400,0
2010-09-16,sh.601628,21.4100,21.5400,21.0000,21.1200,21.4400,19774576,418820953.0000,3,0.094963,1,-1.492500,0
2010-09-17,sh.601628,21.2100,21.2500,21.0000,21.0500,21.1200,10559800,222575360.0000,3,0.050711,1,-0.331400,0
2010-09-20,sh.601628,21.0800,21.3800,20.9600,21.0900,21.0500,11805288,249797366.0000,3,0.056692,1,0.190000,0
2010-09-21,sh.601628,21.2200,21.3900,21.0900,21.1600,21.0900,8901660,188957417.0000,3,0.042748,1,0.331900,0
2010-09-27,sh.601628,21.2400,21.2700,21.1000,21.2400,21.1600,11566703,244871601.0000,3,0.055546,1,0.378100,0
2010-09-28,sh.601628,21.2600,21.2600,20.8700,20.9100,21.2400,12368634,259752997.0000,3,0.059397,1,-1.553700,0
2010-09-29,sh.601628,20.8800,21.1500,20.8600,20.9000,20.9100,7936614,166647785.0000,3,0.038114,1,-0.047800,0
2010-09-30,sh.601628,20.8900,21.5700,20.8000,21.5300,20.9000,17722238,378499384.0000,3,0.085107,1,3.014400,0
2010-10-08,sh.601628,22.0000,22.5800,21.8800,22.4400,21.5300,41759197,932600857.0000,3,0.200539,1,4.226700,0
2010-10-11,sh.601628,22.5000,24.1500,22.5000,23.4500,22.4400,58170462,1358770327.0000,3,0.279350,1,4.500900,0
2010-10-12,sh.601628,23.2900,23.6000,23.0200,23.2800,23.4500,24727009,576284363.0000,3,0.118746,1,-0.724900,0
2010-10-13,sh.601628,23.3700,24.0000,23.2200,23.7300,23.2800,29572697,700625400.0000,3,0.142016,1,1.933000,0
2010-10-14,sh.601628,23.9800,24.9400,23.9800,24.3200,23.7300,70481371,1729960422.0000,3,0.338470,1,2.486300,0
2010-10-15,sh.601628,24.1000,26.0000,24.0600,25.5900,24.3200,72981892,1847821296.0000,3,0.350478,1,5.222000,0
2010-10-18,sh.601628,26.1500,27.4500,25.9600,26.2600,25.5900,82295064,2201086742.0000,3,0.395202,1,2.618200,0
2010-10-19,sh.601628,26.3100,26.7800,25.9900,26.6700,26.2600,30957021,817302831.0000,3,0.148664,1,1.561300,0
2010-10-20,sh.601628,26.6000,28.3800,26.6000,27.8800,26.6700,70890276,1964024464.0000,3,0.340434,1,4.536900,0
2010-10-21,sh.601628,27.9200,28.3900,26.9800,27.8100,27.8800,30429705,842774941.0000,3,0.146131,1,-0.251100,0
2010-10-22,sh.601628,27.6500,27.8900,27.0100,27.0600,27.8100,20360800,559578435.0000,3,0.097778,1,-2.696900,0
2010-10-25,sh.601628,26.9800,27.8000,26.2400,27.5000,27.0600,33161157,898377602.0000,3,0.159248,1,1.626000,0
2010-10-26,sh.601628,27.5800,27.6400,26.5900,26.8900,27.5000,24316850,659535504.0000,3,0.116776,1,-2.218200,0
2010-10-27,sh.601628,26.6500,27.1800,26.0500,26.1300,26.8900,26648615,708376102.0000,3,0.127974,1,-2.826300,0
2010-10-28,sh.601628,26.0100,26.2800,25.5900,25.8200,26.1300,22770927,588825008.0000,3,0.109352,1,-1.186400,0
2010-10-29,sh.601628,25.7500,25.8800,25.2500,25.3500,25.8200,21435400,546610520.0000,3,0.102938,1,-1.820300,0
2010-11-01,sh.601628,25.4500,26.4200,25.4500,26.3000,25.3500,24781526,645668851.0000,3,0.119007,1,3.747500,0
2010-11-02,sh.601628,26.4000,26.4500,25.5000,25.7000,26.3000,29397647,761107652.0000,3,0.141175,1,-2.281400,0
2010-11-03,sh.601628,25.7500,26.1500,25.3000,25.6300,25.7000,20445120,526345283.0000,3,0.098183,1,-0.272400,0
2010-11-04,sh.601628,25.8300,26.5000,25.8300,26.1400,25.6300,27326249,714723426.0000,3,0.131228,1,1.989900,0
2010-11-05,sh.601628,26.4000,27.1500,26.4000,26.8400,26.1400,35049139,942186821.0000,3,0.168315,1,2.677900,0
2010-11-08,sh.601628,26.9900,27.0000,26.3500,26.8400,26.8400,18733579,499288474.0000,3,0.089964,1,0.000000,0
2010-11-09,sh.601628,26.6900,26.6900,25.7500,25.9600,26.8400,25324057,661904958.0000,3,0.121613,1,-3.278700,0
2010-11-10,sh.601628,25.8000,25.8900,25.3900,25.4800,25.9600,25634134,655127438.0000,3,0.123102,1,-1.849000,0
2010-11-11,sh.601628,25.5500,26.2200,25.3800,25.6700,25.4800,31139603,804444606.0000,3,0.149540,1,0.745700,0
2010-11-12,sh.601628,25.5900,25.9600,24.2800,24.3100,25.6700,31605798,792849997.0000,3,0.151779,1,-5.298000,0
2010-11-15,sh.601628,24.3400,24.4800,23.7500,24.1800,24.3100,21266371,510604362.0000,3,0.102127,1,-0.534800,0
2010-11-16,sh.601628,24.1800,24.1800,22.8500,22.9100,24.1800,26872205,631877641.0000,3,0.129047,1,-5.252300,0
2010-11-17,sh.601628,22.8500,23.3000,22.7600,23.0300,22.9100,21404879,493357034.0000,3,0.102792,1,0.523800,0
2010-11-18,sh.601628,23.2000,23.5600,23.0700,23.2900,23.0300,15558975,362817059.0000,3,0.074718,1,1.129000,0
2010-11-19,sh.601628,23.5000,23.5000,22.4800,23.2500,23.2900,19898416,456158568.0000,3,0.095557,1,-0.171700,0
2010-11-22,sh.601628,23.0000,23.3200,22.8000,22.9300,23.2500,18004792,414403492.0000,3,0.086464,1,-1.376300,0
2010-11-23,sh.601628,22.7300,22.7500,22.2500,22.3500,22.9300,20371660,457508553.0000,3,0.097830,1,-2.529400,0
2010-11-24,sh.601628,22.3100,22.9300,22.3000,22.7200,22.3500,16521933,375045505.0000,3,0.079343,1,1.655500,0
2010-11-25,sh.601628,22.9000,23.1100,22.5500,23.0900,22.7200,14599252,334348044.0000,3,0.070109,1,1.628500,0
2010-11-26,sh.601628,22.9800,23.0500,22.6500,22.8400,23.0900,12717022,290086929.0000,3,0.061070,1,-1.082700,0
2010-11-29,sh.601628,22.7900,23.0000,22.7600,22.9300,22.8400,11599664,265635788.0000,3,0.055705,1,0.394000,0
2010-11-30,sh.601628,22.7500,22.9900,21.9200,22.2900,22.9300,23282429,518318329.0000,3,0.111808,1,-2.791100,0
2010-12-01,sh.601628,22.2400,22.3600,21.9800,22.1400,22.2900,10321866,228979043.0000,3,0.049568,1,-0.672900,0
2010-12-02,sh.601628,22.5700,22.7500,22.3300,22.5000,22.1400,12711862,286598111.0000,3,0.061046,1,1.626000,0
2010-12-03,sh.601628,22.5800,23.0000,22.4800,22.8500,22.5000,15504835,353522259.0000,3,0.074458,1,1.555600,0
2010-12-06,sh.601628,22.8600,23.5600,22.6500,23.1800,22.8500,20273091,470229768.0000,3,0.097357,1,1.444200,0
2010-12-07,sh.601628,22.9800,23.4700,22.8500,23.3600,23.1800,14340722,332463377.0000,3,0.068868,1,0.776500,0
2010-12-08,sh.601628,23.2900,23.5500,22.8500,22.8900,23.3600,12719017,293974342.0000,3,0.061080,1,-2.012000,0
2010-12-09,sh.601628,22.8400,23.5300,22.7800,22.9100,22.8900,15004655,347305897.0000,3,0.072056,1,0.087400,0
2010-12-10,sh.601628,22.8000,23.3500,22.7500,23.3400,22.9100,12634551,292200222.0000,3,0.060674,1,1.876900,0
2010-12-13,sh.601628,23.2300,23.5600,23.1100,23.5400,23.3400,20239128,473578046.0000,3,0.097194,1,0.856900,0
2010-12-14,sh.601628,23.5600,23.7600,23.2300,23.3300,23.5400,14720981,345050606.0000,3,0.070694,1,-0.892100,0
2010-12-15,sh.601628,23.3500,23.3800,22.9700,22.9900,23.3300,15268498,352899538.0000,3,0.073323,1,-1.457400,0
2010-12-16,sh.601628,22.9900,23.0600,22.6600,22.7500,22.9900,12011986,274346983.0000,3,0.057685,1,-1.043900,0
2010-12-17,sh.601628,22.7500,22.8300,22.4600,22.6400,22.7500,16206067,366149966.0000,3,0.077826,1,-0.483500,0
2010-12-20,sh.601628,22.7000,22.7600,22.0000,22.1600,22.6400,18468218,411582106.0000,3,0.088689,1,-2.120100,0
2010-12-21,sh.601628,22.1700,22.8100,22.1600,22.7100,22.1600,20624888,463998159.0000,3,0.099046,1,2.481900,0
2010-12-22,sh.601628,22.6900,22.7900,22.1900,22.3100,22.7100,12461594,280215023.0000,3,0.059844,1,-1.761300,0
2010-12-23,sh.601628,22.3200,22.6200,22.1500,22.3100,22.3100,8680061,193854350.0000,3,0.041684,1,0.000000,0
2010-12-24,sh.601628,22.2200,22.4500,22.0700,22.2500,22.3100,13200439,293901841.0000,3,0.063392,1,-0.268900,0
2010-12-27,sh.601628,22.8100,23.0000,21.9000,21.9800,22.2500,18257103,410662573.0000,3,0.087675,1,-1.213500,0
2010-12-28,sh.601628,21.8500,22.1600,21.5000,21.6000,21.9800,20076149,438456433.0000,3,0.096411,1,-1.728800,0
2010-12-29,sh.601628,21.6600,21.7800,21.2800,21.4000,21.6000,18836869,403662139.0000,3,0.090460,1,-0.925900,0
2010-12-30,sh.601628,21.4000,21.4700,20.9700,21.0400,21.4000,31705630,670321508.0000,3,0.152259,1,-1.682200,0
2010-12-31,sh.601628,21.1100,21.3400,21.0600,21.3000,21.0400,25159790,533700927.0000,3,0.120824,1,1.235700,0
2011-01-04,sh.601628,21.4900,21.8400,21.3200,21.7700,21.3000,25570059,552530664.0000,3,0.122794,1,2.206600,0
2011-01-05,sh.601628,21.6200,21.6800,21.3000,21.3700,21.7700,20180283,433535293.0000,3,0.096911,1,-1.837400,0
2011-01-06,sh.601628,21.3700,21.5600,21.0000,21.4400,21.3700,27576802,586427815.0000,3,0.132431,1,0.327600,0
2011-01-07,sh.601628,21.4000,22.1500,21.1800,21.7900,21.4400,26920788,584732187.0000,3,0.129281,1,1.632500,0
2011-01-10,sh.601628,21.7500,21.9000,21.3800,21.5100,21.7900,14677635,317366778.0000,3,0.070486,1,-1.285000,0
2011-01-11,sh.601628,21.3500,21.7200,21.2800,21.6200,21.5100,12514226,269209322.0000,3,0.060097,1,0.511400,0
2011-01-12,sh.601628,21.6500,21.9500,21.5100,21.9000,21.6200,16865482,367262505.0000,3,0.080992,1,1.295100,0
2011-01-13,sh.601628,21.9600,22.0000,21.7200,21.8300,21.9000,13793082,301371580.0000,3,0.066238,1,-0.319600,0
2011-01-14,sh.601628,21.7000,21.7500,21.3400,21.4300,21.8300,15014997,322270237.0000,3,0.072106,1,-1.832300,0
2011-01-17,sh.601628,21.3000,21.3900,20.8900,20.9800,21.4300,20902568,440517628.0000,3,0.100380,1,-2.099900,0
2011-01-18,sh.601628,20.9300,21.1300,20.8100,21.0500,20.9800,8979136,188428961.0000,3,0.043120,1,0.333700,0
2011-01-19,sh.601628,21.1300,21.2600,20.9800,21.2200,21.0500,10710139,226460927.0000,3,0.051433,1,0.807600,0
2011-01-20,sh.601628,21.1700,21.2300,20.6300,20.7700,21.2200,14537580,303742512.0000,3,0.069813,1,-2.120600,0
2011-01-21,sh.601628,20.7200,21.3200,20.6800,21.0100,20.7700,15008502,315309163.0000,3,0.072075,1,1.155500,0
2011-01-24,sh.601628,21.1000,21.1400,20.8000,20.8300,21.0100,9470570,198552146.0000,3,0.045480,1,-0.856700,0
2011-01-25,sh.601628,20.8500,21.0700,20.7800,20.8800,20.8300,10379331,217099903.0000,3,0.049844,1,0.240000,0
2011-01-26,sh.601628,20.9700,21.1300,20.9200,21.0500,20.8800,11749682,246906238.0000,3,0.056425,1,0.814200,0
2011-01-27,sh.601628,20.9700,21.2800,20.8500,21.2300,21.0500,17696140,373688904.0000,3,0.084981,1,0.855100,0
2011-01-28,sh.601628,21.1500,21.2100,20.9400,21.1100,21.2300,12733280,268018724.0000,3,0.061149,1,-0.565200,0
2011-01-31,sh.601628,21.0500,21.2100,20.9800,21.2000,21.1100,14396734,304087593.0000,3,0.069137,1,0.426300,0
2011-02-01,sh.601628,21.2000,21.2200,21.0100,21.1300,21.2000,12873635,271726907.0000,3,0.061823,1,-0.330200,0
2011-02-09,sh.601628,21.1300,21.4600,21.0000,21.0100,21.1300,12661915,268343825.0000,3,0.060806,1,-0.567900,0
2011-02-10,sh.601628,20.9800,21.3700,20.9300,21.3000,21.0100,12129281,256704178.0000,3,0.058248,1,1.380300,0
2011-02-11,sh.601628,21.2200,21.4900,21.1900,21.3700,21.3000,15683727,334508548.0000,3,0.075317,1,0.328600,0
2011-02-14,sh.601628,21.4100,22.3600,21.3900,22.2000,21.3700,38810716,851270754.0000,3,0.186379,1,3.883900,0
2011-02-15,sh.601628,22.1800,22.3400,21.9300,22.0100,22.2000,26594568,588458762.0000,3,0.127714,1,-0.855900,0
2011-02-16,sh.601628,21.9400,22.0400,21.7800,22.0300,22.0100,15317154,335712219.0000,3,0.073557,1,0.090900,0
2011-02-17,sh.601628,21.9800,22.2000,21.8100,21.9000,22.0300,15044019,330863300.0000,3,0.072245,1,-0.590100,0
2011-02-18,sh.601628,21.9000,21.9300,21.6500,21.6700,21.9000,14318550,311393891.0000,3,0.068761,1,-1.050200,0
2011-02-21,sh.601628,21.5200,21.8600,21.5100,21.7900,21.6700,14115817,305860809.0000,3,0.067788,1,0.553800,0
2011-02-22,sh.601628,21.8000,21.8500,21.0800,21.1400,21.7900,22608136,483254650.0000,3,0.108570,1,-2.983000,0
2011-02-23,sh.601628,21.1300,21.2000,20.9900,21.1000,21.1400,12719459,268210376.0000,3,0.061082,1,-0.189200,0
2011-02-24,sh.601628,21.0800,21.2500,21.0000,21.1500,21.1000,11033082,232779947.0000,3,0.052984,1,0.237000,0
2011-02-25,sh.601628,21.1800,21.4300,21.0100,21.3000,21.1500,12184764,259060135.0000,3,0.058514,1,0.709200,0
2011-02-28,sh.601628,21.3000,21.4000,21.1000,21.3700,21.3000,13370475,284605126.0000,3,0.064208,1,0.328600,0
2011-03-01,sh.601628,21.3900,21.6800,21.3000,21.5500,21.3700,17528799,376765485.0000,3,0.084178,1,0.842295,0
2011-03-02,sh.601628,21.3800,21.6700,21.3300,21.5800,21.5500,15151597,325461124.0000,3,0.072762,1,0.139200,0
2011-03-03,sh.601628,21.7900,22.1800,21.6000,21.7200,21.5800,36160707,791085292.0000,3,0.173653,1,0.648700,0
2011-03-04,sh.601628,21.7400,22.0500,21.6500,22.0200,21.7200,23447134,511915923.0000,3,0.112599,1,1.381200,0
2011-03-07,sh.601628,22.0800,22.4200,22.0500,22.3300,22.0200,41266632,918559667.0000,3,0.198173,1,1.407800,0
2011-03-08,sh.601628,22.3000,22.4000,22.0100,22.1800,22.3300,20643261,458052303.0000,3,0.099134,1,-0.671700,0
2011-03-09,sh.601628,22.2300,22.3700,22.0500,22.1000,22.1800,18704794,414817996.0000,3,0.089825,1,-0.360700,0
2011-03-10,sh.601628,22.0600,22.0600,21.6200,21.6400,22.1000,19146070,416357469.0000,3,0.091944,1,-2.081400,0
2011-03-11,sh.601628,21.5500,21.6900,21.4200,21.4600,21.6400,14614820,315204071.0000,3,0.070184,1,-0.831800,0
2011-03-14,sh.601628,21.2300,21.4200,21.2000,21.3600,21.4600,15539466,330829093.0000,3,0.074625,1,-0.466000,0
2011-03-15,sh.601628,21.3500,21.3500,20.7000,20.9200,21.3600,25688919,538892519.0000,3,0.123365,1,-2.059900,0
2011-03-16,sh.601628,20.9700,21.1700,20.9700,21.1000,20.9200,12720730,267893094.0000,3,0.061088,1,0.860400,0
2011-03-17,sh.601628,21.0000,21.0300,20.8300,20.8700,21.1000,14116227,295155304.0000,3,0.067790,1,-1.090000,0
2011-03-18,sh.601628,21.0000,21.0900,20.9000,20.9300,20.8700,11175449,234879355.0000,3,0.053667,1,0.287500,0
2011-03-21,sh.601628,21.0000,21.1200,20.9000,20.9900,20.9300,9346293,196303584.0000,3,0.044883,1,0.286700,0
2011-03-22,sh.601628,21.1000,21.1700,20.9300,21.1400,20.9900,11455343,241503606.0000,3,0.055012,1,0.714600,0
2011-03-23,sh.601628,21.1100,21.2500,20.9100,21.1800,21.1400,17875401,376992171.0000,3,0.085842,1,0.189200,0
2011-03-24,sh.601628,21.2000,21.2000,21.0000,21.0200,21.1800,14564452,307176277.0000,3,0.069942,1,-0.755400,0
2011-03-25,sh.601628,21.0400,21.2800,21.0100,21.2000,21.0200,19752748,418571266.0000,3,0.094858,1,0.856300,0
2011-03-28,sh.601628,21.2700,21.4000,21.0700,21.1400,21.2000,22196761,471900086.0000,3,0.106595,1,-0.283000,0
2011-03-29,sh.601628,21.1500,21.3800,21.0000,21.1400,21.1400,22154484,469480202.0000,3,0.106392,1,0.000000,0
2011-03-30,sh.601628,21.1500,21.2700,21.0200,21.1000,21.1400,14721179,311294126.0000,3,0.070695,1,-0.189200,0
2011-03-31,sh.601628,21.1000,21.2000,20.9400,20.9900,21.1000,15598874,328041221.0000,3,0.074910,1,-0.521300,0
2011-04-01,sh.601628,21.0300,21.3400,20.9600,21.3300,20.9900,21817322,461281613.0000,3,0.104772,1,1.619800,0
2011-04-06,sh.601628,21.3300,21.8600,21.3300,21.7900,21.3300,46178928,1000453770.0000,3,0.221763,1,2.156600,0
2011-04-07,sh.601628,21.7800,21.8300,21.5500,21.6900,21.7900,23707489,514091959.0000,3,0.113850,1,-0.458900,0
2011-04-08,sh.601628,21.6800,21.7900,21.5300,21.7000,21.6900,15578373,337522959.0000,3,0.074811,1,0.046100,0
2011-04-11,sh.601628,21.7500,22.0300,21.6000,21.6200,21.7000,26185057,571154695.0000,3,0.125747,1,-0.368700,0
2011-04-12,sh.601628,21.5400,21.8200,21.3700,21.6600,21.6200,20405254,440024405.0000,3,0.097991,1,0.185000,0
2011-04-13,sh.601628,21.5100,22.1400,21.5000,22.0900,21.6600,31042299,678443309.0000,3,0.149073,1,1.985200,0
2011-04-14,sh.601628,22.0700,22.3000,21.8900,21.9200,22.0900,30728016,679250441.0000,3,0.147564,1,-0.769600,0
2011-04-15,sh.601628,21.8900,22.2500,21.8400,22.1900,21.9200,25169984,555911665.0000,3,0.120873,1,1.231800,0
2011-04-18,sh.601628,22.0500,22.6500,22.0000,22.2800,22.1900,35361450,791435208.0000,3,0.169815,1,0.405600,0
2011-04-19,sh.601628,22.0700,22.0900,21.6300,21.6600,22.2800,25213878,549946512.0000,3,0.121084,1,-2.782800,0
2011-04-20,sh.601628,21.7100,21.8000,21.5500,21.6300,21.6600,14490862,314151588.0000,3,0.069589,1,-0.138500,0
2011-04-21,sh.601628,21.7700,21.9300,21.6800,21.7500,21.6300,12117060,264043329.0000,3,0.058189,1,0.554800,0
2011-04-22,sh.601628,21.7600,21.8600,21.5400,21.6200,21.7500,13760732,298151669.0000,3,0.066083,1,-0.597700,0
2011-04-25,sh.601628,21.6000,21.6900,21.3500,21.3900,21.6200,12423570,266471291.0000,3,0.059661,1,-1.063800,0
2011-04-26,sh.601628,21.2100,21.2100,20.7400,20.8300,21.3900,38082775,796520428.0000,3,0.182883,1,-2.618000,0
2011-04-27,sh.601628,20.8500,20.9400,20.6200,20.7300,20.8300,18569402,385918218.0000,3,0.089175,1,-0.480100,0
2011-04-28,sh.601628,20.7900,21.0200,20.4400,20.5600,20.7300,23280001,483253015.0000,3,0.111797,1,-0.820100,0
2011-04-29,sh.601628,20.5700,20.6600,20.0400,20.2900,20.5600,35301619,715108966.0000,3,0.169528,1,-1.313200,0
2011-05-03,sh.601628,20.2800,20.3700,20.0000,20.3500,20.2900,23740639,479453800.0000,3,0.114009,1,0.295700,0
2011-05-04,sh.601628,20.2800,20.2800,19.7100,19.7600,20.3500,32444495,647314141.0000,3,0.155807,1,-2.899300,0
2011-05-05,sh.601628,19.7000,19.8300,19.6500,19.7800,19.7600,14145129,279242070.0000,3,0.067929,1,0.101200,0
2011-05-06,sh.601628,19.6600,19.7800,19.5100,19.7500,19.7800,16681113,327475293.0000,3,0.080107,1,-0.151700,0
2011-05-09,sh.601628,19.7700,19.8500,19.7200,19.8200,19.7500,12027172,238029469.0000,3,0.057758,1,0.354400,0
2011-05-10,sh.601628,19.8000,20.0600,19.7900,20.0400,19.8200,10566824,210967491.0000,3,0.050745,1,1.110000,0
2011-05-11,sh.601628,20.0000,20.0800,19.8500,19.9800,20.0400,7946854,158939902.0000,3,0.038163,1,-0.299400,0
2011-05-12,sh.601628,19.8100,19.9000,19.6800,19.7100,19.9800,11946534,236218124.0000,3,0.057370,1,-1.351400,0
2011-05-13,sh.601628,19.7200,19.9000,19.6100,19.8900,19.7100,8875753,175338355.0000,3,0.042624,1,0.913200,0
2011-05-16,sh.601628,19.8300,19.8500,19.6400,19.6700,19.8900,8150602,160738228.0000,3,0.039141,1,-1.106100,0
2011-05-17,sh.601628,19.6900,20.0100,19.5800,19.8500,19.6700,9412526,185896277.0000,3,0.045201,1,0.915100,0
2011-05-18,sh.601628,19.8000,20.0100,19.7000,19.9400,19.8500,10992463,218895197.0000,3,0.052789,1,0.453400,0
2011-05-19,sh.601628,19.9900,20.0000,19.7600,19.8100,19.9400,6857151,136198183.0000,3,0.032930,1,-0.652000,0
2011-05-20,sh.601628,19.8100,19.8800,19.7400,19.7800,19.8100,4679510,92639336.0000,3,0.022472,1,-0.151400,0
2011-05-23,sh.601628,19.7400,19.7500,19.0700,19.1100,19.7800,15465587,299616475.0000,3,0.074270,1,-3.387300,0
2011-05-24,sh.601628,19.0800,19.1900,19.0200,19.1000,19.1100,6974337,133136253.0000,3,0.033493,1,-0.052300,0
2011-05-25,sh.601628,19.1000,19.1400,18.9000,18.9200,19.1000,7828926,148717982.0000,3,0.037597,1,-0.942400,0
2011-05-26,sh.601628,19.0200,19.1000,18.8800,18.9100,18.9200,8110388,153912044.0000,3,0.038948,1,-0.052900,0
2011-05-27,sh.601628,18.9600,19.0600,18.8800,18.9700,18.9100,7663519,145324560.0000,3,0.036802,1,0.317300,0
2011-05-30,sh.601628,18.9500,19.0600,18.7000,18.8500,18.9700,10239695,193050002.0000,3,0.049174,1,-0.632600,0
2011-05-31,sh.601628,18.9000,19.1300,18.7800,19.1200,18.8500,8997631,170563416.0000,3,0.043209,1,1.432400,0
2011-06-01,sh.601628,19.0800,19.0800,18.9600,19.0600,19.1200,4977825,94671756.0000,3,0.023905,1,-0.313800,0
2011-06-02,sh.601628,18.9000,18.9900,18.5800,18.7400,19.0600,8699500,163321525.0000,3,0.041777,1,-1.678900,0
2011-06-03,sh.601628,18.7400,18.7400,18.7400,18.7400,18.7400,0,0.0000,3,,0,0.000000,0
2011-06-07,sh.601628,18.7400,18.8100,18.6800,18.7900,18.7400,9909792,185723024.0000,3,0.047589,1,0.266800,0
2011-06-08,sh.601628,18.7900,18.8800,18.6700,18.8300,18.7900,6731105,126317632.0000,3,0.032325,1,0.212900,0
2011-06-09,sh.601628,18.8000,18.8000,18.5200,18.5500,18.8300,7727501,144304544.0000,3,0.037109,1,-1.487000,0
2011-06-10,sh.601628,18.6500,18.7200,18.5000,18.6200,18.5500,8395157,156158233.0000,3,0.040316,1,0.377400,0
2011-06-13,sh.601628,18.5000,18.8500,18.2800,18.5300,18.6200,7390581,136279149.0000,3,0.035491,1,-0.483400,0
2011-06-14,sh.601628,18.5000,18.8500,18.4200,18.7300,18.5300,9565322,178946638.0000,3,0.045935,1,1.079300,0
2011-06-15,sh.601628,18.6900,18.8000,18.5500,18.5600,18.7300,4794232,89385811.0000,3,0.023023,1,-0.907600,0
2011-06-16,sh.601628,18.4900,18.5000,18.3400,18.4300,18.5600,6119345,112802365.0000,3,0.029387,1,-0.700400,0
2011-06-17,sh.601628,18.4500,18.5700,18.3600,18.4000,18.4300,7734883,142951492.0000,3,0.037145,1,-0.162800,0
2011-06-20,sh.601628,18.0700,18.1000,17.7300,17.8400,18.0000,5382051,96321255.0000,3,0.025846,1,-0.888900,0
2011-06-21,sh.601628,17.8900,18.0000,17.8300,17.9200,17.8400,4321212,77446416.0000,3,0.020752,1,0.448400,0
2011-06-22,sh.601628,17.9800,18.0400,17.8600,17.9300,17.9200,4080680,73270992.0000,3,0.019596,1,0.055800,0
2011-06-23,sh.601628,17.9300,18.2600,17.8600,18.2200,17.9300,7288962,131477839.0000,3,0.035003,1,1.617400,0
2011-06-24,sh.601628,18.1800,18.9800,18.1100,18.7700,18.2200,16480044,306403655.0000,3,0.079141,1,3.018700,0
2011-06-27,sh.601628,18.6800,18.8200,18.6000,18.7500,18.7700,9922881,185949512.0000,3,0.047652,1,-0.106600,0
2011-06-28,sh.601628,18.8000,18.8000,18.5300,18.6100,18.7500,5814638,108340245.0000,3,0.027923,1,-0.746700,0
2011-06-29,sh.601628,18.6700,18.7000,18.3500,18.3600,18.6100,7018853,130222294.0000,3,0.033706,1,-1.343400,0
2011-06-30,sh.601628,18.4200,18.9800,18.3700,18.7500,18.3600,11992311,225030986.0000,3,0.057590,1,2.124200,0
2011-07-01,sh.601628,18.7800,18.9000,18.4200,18.6200,18.7500,9191348,171949551.0000,3,0.044139,1,-0.693300,0
2011-07-04,sh.601628,18.7500,19.1500,18.7000,19.1200,18.6200,18184882,345279773.0000,3,0.087329,1,2.685300,0
2011-07-05,sh.601628,19.1000,19.1400,18.9100,19.0200,19.1200,10179544,193238349.0000,3,0.048885,1,-0.523000,0
2011-07-06,sh.601628,18.9400,19.0900,18.7800,19.0400,19.0200,8545790,161343833.0000,3,0.041039,1,0.105200,0
2011-07-07,sh.601628,19.4000,19.4000,18.8800,18.8900,19.0400,12571269,239577620.0000,3,0.060370,1,-0.787800,0
2011-07-08,sh.601628,18.9800,18.9900,18.7800,18.8700,18.8900,6610045,124850382.0000,3,0.031743,1,-0.105869,0
2011-07-11,sh.601628,18.7800,18.8700,18.6000,18.7100,18.8700,5187323,97039983.0000,3,0.024911,1,-0.847900,0
2011-07-12,sh.601628,18.6000,18.6100,18.3000,18.3100,18.7100,7929708,146023271.0000,3,0.038081,1,-2.137900,0
2011-07-13,sh.601628,18.3800,18.5600,18.3100,18.5100,18.3100,7535075,139128780.0000,3,0.036185,1,1.092300,0
2011-07-14,sh.601628,18.5000,18.5500,18.4300,18.5400,18.5100,6234277,115307116.0000,3,0.029939,1,0.162100,0
2011-07-15,sh.601628,18.5400,18.7300,18.4300,18.5800,18.5400,7648754,142129394.0000,3,0.036731,1,0.215700,0
2011-07-18,sh.601628,18.5900,18.7200,18.4500,18.6000,18.5800,7697674,142862978.0000,3,0.036966,1,0.107600,0
2011-07-19,sh.601628,18.5300,18.5800,18.3800,18.4200,18.6000,4337046,80016328.0000,3,0.020828,1,-0.967700,0
2011-07-20,sh.601628,18.5200,18.6100,18.3800,18.4500,18.4200,5688334,105252105.0000,3,0.027317,1,0.162900,0
2011-07-21,sh.601628,18.4900,18.5600,18.2100,18.2900,18.4500,5874529,107658233.0000,3,0.028211,1,-0.867200,0
2011-07-22,sh.601628,18.3000,18.4200,18.2800,18.3500,18.2900,5229550,95961131.0000,3,0.025114,1,0.328000,0
2011-07-25,sh.601628,18.2900,18.2900,17.8600,17.8800,18.3500,11394117,205271936.0000,3,0.054718,1,-2.561300,0
2011-07-26,sh.601628,17.8800,18.0000,17.8800,17.9600,17.8800,4962085,89024711.0000,3,0.023829,1,0.447400,0
2011-07-27,sh.601628,17.8600,17.9900,17.7600,17.7800,17.9600,12121639,215997084.0000,3,0.058211,1,-1.002200,0
2011-07-28,sh.601628,17.7000,17.7100,17.3100,17.5800,17.7800,8575711,149914194.0000,3,0.041183,1,-1.124900,0
2011-07-29,sh.601628,17.5000,17.9200,17.4300,17.7100,17.5800,7416486,131099726.0000,3,0.035616,1,0.739500,0
2011-08-01,sh.601628,17.7100,17.8300,17.6200,17.7200,17.7100,3585722,63599590.0000,3,0.017220,1,0.056500,0
2011-08-02,sh.601628,17.6600,17.6600,17.3700,17.5000,17.7200,4973831,86762969.0000,3,0.023886,1,-1.241500,0
2011-08-03,sh.601628,17.3600,17.5800,17.3300,17.4700,17.5000,4125322,72180876.0000,3,0.019811,1,-0.171400,0
2011-08-04,sh.601628,17.5800,17.6400,17.4400,17.4800,17.4700,2768254,48488334.0000,3,0.013294,1,0.057200,0
2011-08-05,sh.601628,17.1000,17.1200,16.9600,16.9800,17.4800,10183363,173567444.0000,3,0.048903,1,-2.860400,0
2011-08-08,sh.601628,16.8800,16.8800,15.9100,16.1400,16.9800,18913218,309687667.0000,3,0.090826,1,-4.947000,0
2011-08-09,sh.601628,15.6900,16.1100,15.5300,16.0300,16.1400,14050405,221848495.0000,3,0.067474,1,-0.681500,0
2011-08-10,sh.601628,16.2500,16.2800,15.8800,15.9300,16.0300,14223304,228931151.0000,3,0.068304,1,-0.623800,0
2011-08-11,sh.601628,15.7300,16.1600,15.6600,16.1200,15.9300,12342236,197461134.0000,3,0.059271,1,1.192700,0
2011-08-12,sh.601628,16.2400,16.2600,16.0800,16.2000,16.1200,14314677,231532362.0000,3,0.068743,1,0.496300,0
2011-08-15,sh.601628,16.2200,16.7800,16.1600,16.6800,16.2000,14313212,235758254.0000,3,0.068736,1,2.963000,0
2011-08-16,sh.601628,16.6900,16.7100,16.3500,16.3900,16.6800,9485525,156862146.0000,3,0.045552,1,-1.738600,0
2011-08-17,sh.601628,16.3600,16.5700,16.3500,16.4600,16.3900,5846375,96286382.0000,3,0.028076,1,0.427100,0
2011-08-18,sh.601628,16.5900,16.6400,16.1500,16.2400,16.4600,6305524,103174177.0000,3,0.030281,1,-1.336600,0
2011-08-19,sh.601628,16.0000,16.1600,15.9300,16.0800,16.2400,8163962,131173904.0000,3,0.039205,1,-0.985200,0
2011-08-22,sh.601628,16.0700,16.2200,15.9100,15.9500,16.0800,6096683,97878539.0000,3,0.029278,1,-0.808500,0
2011-08-23,sh.601628,16.0100,16.1800,15.9200,16.1700,15.9500,7098938,113897596.0000,3,0.034091,1,1.379300,0
2011-08-24,sh.601628,16.0400,16.0500,15.6100,15.6300,16.1700,27937370,440148914.0000,3,0.134163,1,-3.339500,0
2011-08-25,sh.601628,15.5800,16.1600,15.4800,16.1500,15.6300,31500191,500422499.0000,3,0.151272,1,3.326900,0
2011-08-26,sh.601628,16.0000,16.3300,15.9300,16.2400,16.1500,18337522,295545128.0000,3,0.088062,1,0.557276,0
2011-08-29,sh.601628,16.0900,16.0900,15.8500,15.8700,16.2400,12288933,195516847.0000,3,0.059015,1,-2.278300,0
2011-08-30,sh.601628,15.9200,16.2200,15.8200,15.8600,15.8700,10624862,170409881.0000,3,0.051023,1,-0.063000,0
2011-08-31,sh.601628,15.8800,16.0200,15.7000,15.9300,15.8600,8043532,127426652.0000,3,0.038627,1,0.441400,0
2011-09-01,sh.601628,15.9900,16.1300,15.8100,15.9200,15.9300,8079482,128914470.0000,3,0.038800,1,-0.062800,0
2011-09-02,sh.601628,15.8800,15.9200,15.6600,15.7400,15.9200,6601634,103874021.0000,3,0.031703,1,-1.130700,0
2011-09-05,sh.601628,15.5500,15.6000,15.4400,15.4700,15.7400,6084193,94340689.0000,3,0.029218,1,-1.715400,0
2011-09-06,sh.601628,15.4500,15.5600,15.3500,15.4400,15.4700,4887888,75518507.0000,3,0.023473,1,-0.193900,0
2011-09-07,sh.601628,15.4800,15.8300,15.4800,15.8100,15.4400,7771026,122004017.0000,3,0.037318,1,2.396400,0
2011-09-08,sh.601628,15.8600,15.8900,15.5800,15.5900,15.8100,5791118,91309597.0000,3,0.027810,1,-1.391526,0
2011-09-09,sh.601628,15.7300,16.1400,15.7300,15.8600,15.5900,11199856,178140702.0000,3,0.053785,1,1.731900,0
2011-09-13,sh.601628,15.6400,16.1100,15.5500,15.9900,15.8600,15929759,254265967.0000,3,0.076499,1,0.819700,0
2011-09-14,sh.601628,16.0200,16.2500,15.9100,16.2400,15.9900,12222453,196871113.0000,3,0.058695,1,1.563500,0
2011-09-15,sh.601628,16.1900,16.3500,16.0600,16.1300,16.2400,9710442,157333781.0000,3,0.046632,1,-0.677300,0
2011-09-16,sh.601628,16.1600,16.2600,15.9500,15.9900,16.1300,9674362,155559286.0000,3,0.046459,1,-0.867900,0
2011-09-19,sh.601628,15.8500,15.8700,15.6300,15.6500,15.9900,5121697,80506753.0000,3,0.024596,1,-2.126300,0
2011-09-20,sh.601628,15.5500,15.7800,15.5500,15.5900,15.6500,6342430,99131179.0000,3,0.030458,1,-0.383400,0
2011-09-21,sh.601628,15.6300,16.0600,15.5300,16.0100,15.5900,11355360,180393135.0000,3,0.054531,1,2.694000,0
2011-09-22,sh.601628,15.9000,16.0600,15.5500,15.5900,16.0100,10127896,160475451.0000,3,0.048637,1,-2.623400,0
2011-09-23,sh.601628,15.4600,15.6900,15.3000,15.5000,15.5900,10243055,158302142.0000,3,0.049190,1,-0.577300,0
2011-09-26,sh.601628,15.3400,15.6100,14.8600,14.9100,15.5000,12848812,194901979.0000,3,0.061703,1,-3.806500,0
2011-09-27,sh.601628,15.1000,15.2300,15.0000,15.0500,14.9100,8390858,126925478.0000,3,0.040295,1,0.939000,0
2011-09-28,sh.601628,15.1500,15.2700,14.9500,15.0000,15.0500,6873699,104074582.0000,3,0.033009,1,-0.332200,0
2011-09-29,sh.601628,14.9200,15.1500,14.8800,14.9300,15.0000,5785528,86866840.0000,3,0.027784,1,-0.466700,0
2011-09-30,sh.601628,14.9900,15.0300,14.7100,14.7400,14.9300,8238054,122275222.0000,3,0.039561,1,-1.272600,0
2011-10-10,sh.601628,14.8100,15.0000,14.7700,14.9400,14.7400,7317519,108934508.0000,3,0.035141,1,1.356900,0
2011-10-11,sh.601628,15.4500,15.5000,15.1400,15.3400,14.9400,19695823,301530494.0000,3,0.094584,1,2.677400,0
2011-10-12,sh.601628,15.3000,16.2600,15.2200,15.9800,15.3400,22952010,365231398.0000,3,0.110222,1,4.172100,0
2011-10-13,sh.601628,15.9900,16.1800,15.9100,16.0600,15.9800,15778522,253510088.0000,3,0.075773,1,0.500600,0
2011-10-14,sh.601628,16.0600,16.0600,16.0600,16.0600,16.0600,0,0.0000,3,,0,0.000000,0
2011-10-17,sh.601628,16.1500,16.2600,15.9500,16.0300,16.0600,8657895,139429959.0000,3,0.041577,1,-0.186800,0
2011-10-18,sh.601628,15.9000,15.9900,15.3600,15.4000,16.0300,7831288,122629928.0000,3,0.037608,1,-3.930100,0
2011-10-19,sh.601628,15.5600,15.6600,15.1200,15.1600,15.4000,11441139,176221804.0000,3,0.054943,1,-1.558400,0
2011-10-20,sh.601628,15.1000,15.1400,14.7500,14.8100,15.1600,12221207,182032479.0000,3,0.058689,1,-2.308700,0
2011-10-21,sh.601628,14.9100,15.1800,14.8500,14.9200,14.8100,8206087,123288482.0000,3,0.039408,1,0.742700,0
2011-10-24,sh.601628,15.0400,15.5600,14.9200,15.5400,14.9200,10568606,162019039.0000,3,0.050753,1,4.155500,0
2011-10-25,sh.601628,15.4600,15.8600,15.3400,15.7300,15.5400,12471876,195062980.0000,3,0.059893,1,1.222700,0
2011-10-26,sh.601628,15.5100,15.9700,15.5100,15.8500,15.7300,15182646,240193780.0000,3,0.072911,1,0.762900,0
2011-10-27,sh.601628,15.8200,16.1500,15.7400,16.1000,15.8500,14714159,235263020.0000,3,0.070661,1,1.577300,0
2011-10-28,sh.601628,16.2000,16.7200,16.1900,16.3000,16.1000,23909848,394311222.0000,3,0.114821,1,1.242200,0
2011-10-31,sh.601628,16.2700,16.7300,16.1800,16.7100,16.3000,26586999,440510243.0000,3,0.127678,1,2.515300,0
2011-11-01,sh.601628,16.5000,17.5000,16.4900,17.1000,16.7100,43399586,743638470.0000,3,0.208416,1,2.333900,0
2011-11-02,sh.601628,16.7800,17.7000,16.7800,17.5200,17.1000,32223692,556399657.0000,3,0.154747,1,2.456100,0
2011-11-03,sh.601628,17.5500,18.4400,17.4200,18.0400,17.5200,45436291,821290724.0000,3,0.218197,1,2.968000,0
2011-11-04,sh.601628,18.1800,18.4300,17.8600,18.2400,18.0400,25258146,459804809.0000,3,0.121296,1,1.108600,0
2011-11-07,sh.601628,18.0400,18.2500,17.7500,17.8100,18.2400,13680514,244797234.0000,3,0.065697,1,-2.357500,0
2011-11-08,sh.601628,17.8000,18.0000,17.5500,17.7000,17.8100,21577713,384178485.0000,3,0.103622,1,-0.617600,0
2011-11-09,sh.601628,17.7500,18.2000,17.6200,18.1900,17.7000,17848393,319373344.0000,3,0.085713,1,2.768400,0
2011-11-10,sh.601628,17.9600,17.9900,17.5800,17.6200,18.1900,10642273,189197377.0000,3,0.051107,1,-3.133600,0
2011-11-11,sh.601628,17.6100,17.9400,17.2900,17.3700,17.6200,10931495,193209643.0000,3,0.052496,1,-1.418800,0
2011-11-14,sh.601628,17.6000,18.3000,17.4900,18.2800,17.3700,16692247,301222633.0000,3,0.080161,1,5.238900,0
2011-11-15,sh.601628,18.2500,18.6000,18.1200,18.3700,18.2800,19118421,351976428.0000,3,0.091812,1,0.492300,0
2011-11-16,sh.601628,18.3700,18.3800,17.3200,17.6800,18.3700,17869594,316687722.0000,3,0.085814,1,-3.756100,0
2011-11-17,sh.601628,17.6000,17.7700,17.3300,17.4500,17.6800,7403746,130119238.0000,3,0.035555,1,-1.300900,0
2011-11-18,sh.601628,17.3200,17.6500,16.9000,16.9800,17.4500,17717369,303904407.0000,3,0.085083,1,-2.693400,0
2011-11-21,sh.601628,17.0000,17.3100,16.7600,17.2800,16.9800,8453917,143256148.0000,3,0.040598,1,1.766800,0
2011-11-22,sh.601628,17.1200,17.6500,17.0500,17.6100,17.2800,14452727,252429514.0000,3,0.069406,1,1.909700,0
2011-11-23,sh.601628,17.5000,17.6300,17.2500,17.2700,17.6100,7805521,136126856.0000,3,0.037484,1,-1.930700,0
2011-11-24,sh.601628,17.1300,17.9900,17.1300,17.8400,17.2700,15934283,281682070.0000,3,0.076521,1,3.300500,0
2011-11-25,sh.601628,17.7300,17.9300,17.2000,17.4600,17.8400,9540954,167241548.0000,3,0.045818,1,-2.130000,0
2011-11-28,sh.601628,17.5000,17.7000,17.2000,17.2200,17.4600,7049237,122496360.0000,3,0.033852,1,-1.374600,0
2011-11-29,sh.601628,17.4100,17.8000,17.1700,17.7300,17.2200,9780508,171774070.0000,3,0.046969,1,2.961700,0
2011-11-30,sh.601628,17.5400,17.6600,17.1000,17.1300,17.7300,11377517,198006697.0000,3,0.054638,1,-3.384100,0
2011-12-01,sh.601628,18.1500,18.8400,17.9800,18.4800,17.1300,59614213,1101951098.0000,3,0.286283,1,7.880900,0
2011-12-02,sh.601628,18.3200,18.6500,18.1800,18.3900,18.4800,13511421,248660168.0000,3,0.064885,1,-0.487000,0
2011-12-05,sh.601628,18.4200,18.5900,18.0800,18.2100,18.3900,13951709,256055472.0000,3,0.067000,1,-0.978800,0
2011-12-06,sh.601628,18.2200,18.4100,17.8100,17.8600,18.2100,14511879,262625669.0000,3,0.069690,1,-1.922000,0
2011-12-07,sh.601628,17.8500,18.2000,17.8300,18.0100,17.8600,9511507,171502440.0000,3,0.045677,1,0.839900,0
2011-12-08,sh.601628,18.0100,18.0800,17.4700,17.9800,18.0100,12701025,225144884.0000,3,0.060994,1,-0.166600,0
2011-12-09,sh.601628,17.7800,17.9800,17.5500,17.9000,17.9800,7931579,140703637.0000,3,0.038090,1,-0.444900,0
2011-12-12,sh.601628,17.9000,18.1000,17.7000,18.0200,17.9000,7068227,126753566.0000,3,0.033943,1,0.670400,0
2011-12-13,sh.601628,17.8700,18.1500,17.8500,17.9600,18.0200,21389405,385312631.0000,3,0.102717,1,-0.333000,0
2011-12-14,sh.601628,17.9100,18.3300,17.8000,18.2300,17.9600,19726873,359200523.0000,3,0.094734,1,1.503300,0
2011-12-15,sh.601628,18.0300,18.1300,16.4100,16.6100,18.2300,30359375,524881432.0000,3,0.145794,1,-8.886500,0
2011-12-16,sh.601628,16.7000,17.1000,16.0900,16.8400,16.6100,23200381,384636218.0000,3,0.111414,1,1.384700,0
2011-12-19,sh.601628,16.6000,16.6000,15.8800,16.3100,16.8400,13707327,221742367.0000,3,0.065826,1,-3.147300,0
2011-12-20,sh.601628,16.2000,16.8900,16.2000,16.5600,16.3100,11354779,188648178.0000,3,0.054529,1,1.532800,0
2011-12-21,sh.601628,16.7800,17.0300,16.6200,16.7500,16.5600,10937068,184177714.0000,3,0.052523,1,1.147300,0
2011-12-22,sh.601628,16.5100,16.8900,16.4100,16.5700,16.7500,9493055,157837590.0000,3,0.045588,1,-1.074600,0
2011-12-23,sh.601628,16.6500,17.5100,16.4800,17.1000,16.5700,11987059,204543677.0000,3,0.057565,1,3.198600,0
2011-12-26,sh.601628,16.9000,17.2900,16.8300,17.0400,17.1000,4446996,76116874.0000,3,0.021356,1,-0.350900,0
2011-12-27,sh.601628,17.0000,17.5900,16.9400,17.1700,17.0400,7261176,125600790.0000,3,0.034870,1,0.762900,0
2011-12-28,sh.601628,17.1200,17.3100,16.9800,17.2400,17.1700,8308592,142843082.0000,3,0.039900,1,0.407700,0
2011-12-29,sh.601628,17.1000,17.3000,17.0600,17.2000,17.2400,5892473,101397265.0000,3,0.028297,1,-0.232000,0
2011-12-30,sh.601628,17.1900,17.6800,17.1900,17.6400,17.2000,9013183,158223852.0000,3,0.043284,1,2.558100,0
2012-01-04,sh.601628,17.7500,17.9000,17.4500,17.4600,17.6400,9188449,162407994.0000,3,0.044125,1,-1.020400,0
2012-01-05,sh.601628,17.4000,17.5300,16.4500,16.5800,17.4600,15377217,260909642.0000,3,0.073845,1,-5.040100,0
2012-01-06,sh.601628,16.4600,16.8000,16.3800,16.7300,16.5800,8181899,136122405.0000,3,0.039292,1,0.904700,0
2012-01-09,sh.601628,16.7600,17.3000,16.4800,17.2800,16.7300,12094349,205228861.0000,3,0.058080,1,3.287500,0
2012-01-10,sh.601628,17.4000,18.2500,17.3500,18.2300,17.2800,19181573,343310372.0000,3,0.092115,1,5.497700,0
2012-01-11,sh.601628,18.2000,18.5000,18.0500,18.2200,18.2300,19335993,353684527.0000,3,0.092856,1,-0.054900,0
2012-01-12,sh.601628,18.1800,18.4300,18.0600,18.3000,18.2200,11212705,204843401.0000,3,0.053846,1,0.439100,0
2012-01-13,sh.601628,18.3200,18.3900,17.6300,17.8900,18.3000,10500793,188870569.0000,3,0.050428,1,-2.240400,0
2012-01-16,sh.601628,17.7700,18.1500,17.6800,17.8100,17.8900,6030277,107970745.0000,3,0.028959,1,-0.447200,0
2012-01-17,sh.601628,17.8200,18.8000,17.6800,18.7800,17.8100,14112471,258985056.0000,3,0.067772,1,5.446400,0
2012-01-18,sh.601628,18.7600,19.1100,18.3700,18.4500,18.7800,15331531,289541478.0000,3,0.073626,1,-1.757200,0
2012-01-19,sh.601628,18.4200,19.0500,18.4200,19.0000,18.4500,12119984,228878085.0000,3,0.058203,1,2.981000,0
2012-01-20,sh.601628,19.0000,19.4000,18.9900,19.3300,19.0000,17619731,339537477.0000,3,0.084615,1,1.736800,0
2012-01-30,sh.601628,19.3300,19.3300,18.8800,18.9000,19.3300,7217440,137625460.0000,3,0.034660,1,-2.224500,0
2012-01-31,sh.601628,18.9000,19.1400,18.5800,18.7800,18.9000,12083703,227061443.0000,3,0.058029,1,-0.634900,0
2012-02-01,sh.601628,18.7800,18.7800,18.1000,18.3400,18.7800,13509176,247538264.0000,3,0.064875,1,-2.342900,0
2012-02-02,sh.601628,18.4000,19.1000,18.2100,19.0700,18.3400,13112203,244941160.0000,3,0.062968,1,3.980400,0
2012-02-03,sh.601628,18.8600,19.5000,18.6500,19.3000,19.0700,20030486,384786584.0000,3,0.096192,1,1.206100,0
2012-02-06,sh.601628,19.3100,19.4500,18.8000,18.9200,19.3000,13662951,261633305.0000,3,0.065613,1,-1.968900,0
2012-02-07,sh.601628,18.8800,18.8800,18.2300,18.5000,18.9200,14691853,270565437.0000,3,0.070554,1,-2.219900,0
2012-02-08,sh.601628,18.4500,19.3500,18.3800,19.2400,18.5000,16959092,322131237.0000,3,0.081442,1,4.000000,0
2012-02-09,sh.601628,19.1800,19.2700,18.8600,19.0700,19.2400,10449337,199354649.0000,3,0.050180,1,-0.883600,0
2012-02-10,sh.601628,18.9900,19.3500,18.8500,18.9300,19.0700,14252423,272738657.0000,3,0.068444,1,-0.734100,0
2012-02-13,sh.601628,18.8000,18.8200,18.3300,18.6400,18.9300,19742554,366635215.0000,3,0.094809,1,-1.532000,0
2012-02-14,sh.601628,18.5000,18.6500,18.1800,18.3900,18.6400,16026018,293376914.0000,3,0.076961,1,-1.341200,0
2012-02-15,sh.601628,18.3600,18.7100,18.3300,18.5200,18.3900,15009824,278073620.0000,3,0.072081,1,0.706900,0
2012-02-16,sh.601628,18.4300,18.4500,18.2000,18.2700,18.5200,19180624,351363444.0000,3,0.092110,1,-1.349900,0
2012-02-17,sh.601628,18.4000,18.7000,18.4000,18.5900,18.2700,14315718,266069819.0000,3,0.068748,1,1.751500,0
2012-02-20,sh.601628,18.9600,19.0200,18.5700,18.6300,18.5900,17210638,322810931.0000,3,0.082650,1,0.215200,0
2012-02-21,sh.601628,18.7000,18.9800,18.4000,18.9200,18.6300,12970870,242224999.0000,3,0.062289,1,1.556600,0
2012-02-22,sh.601628,18.9000,19.0700,18.7200,19.0000,18.9200,12628237,239173898.0000,3,0.060644,1,0.422800,0
2012-02-23,sh.601628,18.9700,19.3000,18.9000,19.0500,19.0000,12635574,241700887.0000,3,0.060679,1,0.263200,0
2012-02-24,sh.601628,19.0700,19.3300,18.8900,19.2300,19.0500,14727069,281980676.0000,3,0.070723,1,0.944900,0
2012-02-27,sh.601628,19.2800,19.4900,19.1400,19.1600,19.2300,19206651,371638431.0000,3,0.092235,1,-0.364000,0
2012-02-28,sh.601628,19.1500,19.3700,19.1000,19.2100,19.1600,10711848,205903614.0000,3,0.051441,1,0.261000,0
2012-02-29,sh.601628,19.1900,19.1900,18.5000,18.6900,19.2100,13348928,251304238.0000,3,0.064105,1,-2.706900,0
2012-03-01,sh.601628,18.6700,18.8200,18.4800,18.5800,18.6900,10793000,201174078.0000,3,0.051831,1,-0.588600,0
2012-03-02,sh.601628,18.6100,18.8600,18.5500,18.8400,18.5800,17519810,327089035.0000,3,0.084135,1,1.399400,0
2012-03-05,sh.601628,18.8500,18.8800,18.2800,18.3300,18.8400,25080018,463564638.0000,3,0.120441,1,-2.707000,0
2012-03-06,sh.601628,18.3000,18.4000,17.4800,17.6900,18.3300,46480226,822382107.0000,3,0.223210,1,-3.491500,0
2012-03-07,sh.601628,17.4500,17.7200,17.3800,17.5000,17.6900,30735528,538554594.0000,3,0.147600,1,-1.074100,0
2012-03-08,sh.601628,17.5600,17.8000,17.4700,17.7400,17.5000,30075969,531270007.0000,3,0.144433,1,1.371400,0
2012-03-09,sh.601628,17.8000,17.8000,17.6000,17.7000,17.7400,15185330,268697609.0000,3,0.072924,1,-0.225500,0
2012-03-12,sh.601628,17.7000,17.7500,17.3700,17.4700,17.7000,21897909,382848335.0000,3,0.105159,1,-1.299400,0
2012-03-13,sh.601628,17.4600,17.7600,17.4400,17.7300,17.4700,12187025,215395029.0000,3,0.058525,1,1.488300,0
2012-03-14,sh.601628,17.8500,17.8800,17.0500,17.1800,17.7300,25685094,449121902.0000,3,0.123346,1,-3.102100,0
2012-03-15,sh.601628,17.2000,17.2700,17.0500,17.1900,17.1800,18687035,320583952.0000,3,0.089740,1,0.058200,0
2012-03-16,sh.601628,17.1500,17.3400,17.0800,17.2600,17.1900,12095590,207775919.0000,3,0.058086,1,0.407200,0
2012-03-19,sh.601628,17.2200,17.2600,16.8000,17.0600,17.2600,13404107,227780675.0000,3,0.064370,1,-1.158700,0
2012-03-20,sh.601628,17.0000,17.1200,16.7900,16.8200,17.0600,12385224,209634375.0000,3,0.059477,1,-1.406800,0
2012-03-21,sh.601628,16.9800,17.0000,16.6800,16.8500,16.8200,13995603,235458735.0000,3,0.067211,1,0.178400,0
2012-03-22,sh.601628,16.8700,16.9600,16.7100,16.8900,16.8500,11596200,195629144.0000,3,0.055688,1,0.237400,0
2012-03-23,sh.601628,16.8000,16.8600,16.7100,16.8000,16.8900,8492055,142431067.0000,3,0.040781,1,-0.532900,0
2012-03-26,sh.601628,16.8200,17.0200,16.8100,16.9500,16.8000,11424293,193583371.0000,3,0.054862,1,0.892900,0
2012-03-27,sh.601628,16.9900,17.1700,16.9900,17.1000,16.9500,9582852,163703696.0000,3,0.046019,1,0.885000,0
2012-03-28,sh.601628,17.0900,17.0900,16.6900,16.6900,17.1000,9586409,161027825.0000,3,0.046036,1,-2.397700,0
2012-03-29,sh.601628,16.6600,16.6600,16.0600,16.0700,16.6900,9454234,154703606.0000,3,0.045402,1,-3.714800,0
2012-03-30,sh.601628,16.1900,16.6000,16.1300,16.3500,16.0700,6031784,98401563.0000,3,0.028966,1,1.742400,0
2012-04-05,sh.601628,16.2800,16.9000,16.1500,16.7600,16.3500,8037252,133527027.0000,3,0.038597,1,2.507600,0
2012-04-06,sh.601628,16.7000,16.9100,16.5900,16.6900,16.7600,6205999,103873705.0000,3,0.029803,1,-0.417700,0
2012-04-09,sh.601628,16.6200,16.8100,16.4300,16.5600,16.6900,3481907,57845990.0000,3,0.016721,1,-0.778900,0
2012-04-10,sh.601628,16.3700,16.9700,16.3700,16.9400,16.5600,6738073,112172360.0000,3,0.032358,1,2.294700,0
2012-04-11,sh.601628,16.8100,17.1700,16.7500,16.9500,16.9400,7108421,120831758.0000,3,0.034136,1,0.059000,0
2012-04-12,sh.601628,16.8800,17.2800,16.8800,17.2300,16.9500,9972146,171190081.0000,3,0.047889,1,1.651900,0
2012-04-13,sh.601628,17.2600,17.4600,17.2000,17.4000,17.2300,15026835,260728292.0000,3,0.072163,1,0.986700,0
2012-04-16,sh.601628,17.3200,17.4000,17.0900,17.1500,17.4000,8647391,149130265.0000,3,0.041527,1,-1.436800,0
2012-04-17,sh.601628,17.1500,17.1500,16.7400,16.8300,17.1500,9324767,158107549.0000,3,0.044780,1,-1.865900,0
2012-04-18,sh.601628,16.9000,17.2200,16.8100,17.1400,16.8300,8062443,137683001.0000,3,0.038718,1,1.841900,0
2012-04-19,sh.601628,17.1000,17.8700,17.1000,17.6700,17.1400,28441335,503082804.0000,3,0.136583,1,3.092200,0
2012-04-20,sh.601628,17.6100,18.3300,17.6000,18.3100,17.6700,35752644,646084015.0000,3,0.171693,1,3.622000,0
2012-04-23,sh.601628,18.2300,18.7700,17.9500,18.1700,18.3100,26976695,497572842.0000,3,0.129549,1,-0.764600,0
2012-04-24,sh.601628,18.1200,18.8700,18.0500,18.4800,18.1700,30212721,559549860.0000,3,0.145089,1,1.706100,0
2012-04-25,sh.601628,18.4600,18.7400,18.2800,18.5200,18.4800,20023533,371206921.0000,3,0.096158,1,0.216500,0
2012-04-26,sh.601628,18.4600,18.7200,18.2700,18.3200,18.5200,18406594,340504399.0000,3,0.088393,1,-1.079900,0
2012-04-27,sh.601628,18.3200,18.4200,18.0800,18.1900,18.3200,9121740,166491185.0000,3,0.043805,1,-0.709600,0
2012-05-02,sh.601628,18.4000,18.9400,18.2500,18.8500,18.1900,25420849,476854993.0000,3,0.122078,1,3.628400,0
2012-05-03,sh.601628,18.8000,19.1600,18.7000,19.0900,18.8500,31176026,593237565.0000,3,0.149715,1,1.273200,0
2012-05-04,sh.601628,19.0600,19.2500,18.8200,19.2100,19.0900,17595281,335525236.0000,3,0.084497,1,0.628600,0
2012-05-07,sh.601628,18.9900,19.1700,18.5000,18.6400,19.2100,24834143,464502850.0000,3,0.119260,1,-2.967200,0
2012-05-08,sh.601628,18.7000,18.7200,18.2500,18.6100,18.6400,16431388,303078391.0000,3,0.078908,1,-0.160900,0
2012-05-09,sh.601628,18.4100,18.5500,18.2200,18.4700,18.6100,12209537,224289273.0000,3,0.058633,1,-0.752300,0
2012-05-10,sh.601628,18.4900,18.5000,18.0600,18.2800,18.4700,10758749,196445270.0000,3,0.051666,1,-1.028700,0
2012-05-11,sh.601628,18.1600,18.3000,17.9000,18.0000,18.2800,10658735,192431714.0000,3,0.051186,1,-1.531700,0
2012-05-14,sh.601628,18.1000,18.1900,17.5000,17.6800,18.0000,14671545,260589730.0000,3,0.070457,1,-1.777800,0
2012-05-15,sh.601628,17.6500,17.8600,17.5500,17.8500,17.6800,10334735,183197858.0000,3,0.049630,1,0.961500,0
2012-05-16,sh.601628,17.7300,17.8200,17.5800,17.6200,17.8500,8199080,144772220.0000,3,0.039374,1,-1.288500,0
2012-05-17,sh.601628,17.6200,18.2200,17.5900,18.0900,17.6200,12117159,217499726.0000,3,0.058190,1,2.667400,0
2012-05-18,sh.601628,17.9000,17.9800,17.6500,17.7400,18.0900,10238872,182168545.0000,3,0.049170,1,-1.934800,0
2012-05-21,sh.601628,17.7400,17.9600,17.6100,17.7800,17.7400,5427391,96903491.0000,3,0.026064,1,0.225500,0
2012-05-22,sh.601628,17.7800,17.7800,17.7800,17.7800,17.7800,0,0.0000,3,,0,0.000000,0
2012-05-23,sh.601628,17.7600,18.1500,17.4800,17.6900,17.7800,11354549,201998861.0000,3,0.054527,1,-0.506200,0
2012-05-24,sh.601628,17.6600,17.8400,17.4300,17.5600,17.6900,8759501,154464607.0000,3,0.042065,1,-0.734900,0
2012-05-25,sh.601628,17.5200,17.6400,16.8900,17.0900,17.5600,16761204,287451531.0000,3,0.080492,1,-2.676500,0
2012-05-28,sh.601628,17.0700,17.3800,16.9000,17.3500,17.0900,7383823,126545224.0000,3,0.035459,1,1.521400,0
2012-05-29,sh.601628,17.3200,17.9500,17.1700,17.7500,17.3500,11438499,201517170.0000,3,0.054931,1,2.305500,0
2012-05-30,sh.601628,17.7000,17.8600,17.4600,17.5700,17.7500,9505378,167650118.0000,3,0.045647,1,-1.014100,0
2012-05-31,sh.601628,17.5000,17.6600,17.3500,17.4100,17.5700,10411565,182330459.0000,3,0.049999,1,-0.910600,0
2012-06-01,sh.601628,17.4800,17.7100,17.4000,17.5800,17.4100,4540153,79711690.0000,3,0.021803,1,0.976500,0
2012-06-04,sh.601628,17.3500,17.3800,16.8700,16.9500,17.5800,13114815,223406503.0000,3,0.062981,1,-3.583600,0
2012-06-05,sh.601628,17.0800,17.1100,16.8000,16.8100,16.9500,8920433,150884254.0000,3,0.042838,1,-0.826000,0
2012-06-06,sh.601628,16.8800,17.0500,16.8400,16.9600,16.8100,5160108,87473112.0000,3,0.024780,1,0.892300,0
2012-06-07,sh.601628,17.1500,17.2000,16.6300,16.6600,16.9600,10576437,178481200.0000,3,0.050791,1,-1.768900,0
2012-06-08,sh.601628,16.6300,16.8100,16.4500,16.4800,16.4300,7360863,122469112.0000,3,0.035349,1,0.304300,0
2012-06-11,sh.601628,16.6200,16.8600,16.4800,16.8000,16.4800,6241510,104458449.0000,3,0.029973,1,1.941700,0
2012-06-12,sh.601628,16.7000,16.9400,16.5800,16.6800,16.8000,9606357,161324036.0000,3,0.046132,1,-0.714300,0
2012-06-13,sh.601628,16.7100,17.8900,16.7100,17.8800,16.6800,27895887,487855985.0000,3,0.133963,1,7.194200,0
2012-06-14,sh.601628,17.9100,18.1400,17.6800,17.8100,17.8800,20137139,361662863.0000,3,0.096704,1,-0.391500,0
2012-06-15,sh.601628,17.8000,18.2100,17.8000,18.0500,17.8100,16189559,292599561.0000,3,0.077746,1,1.347600,0
2012-06-18,sh.601628,18.1200,18.2000,17.7700,17.9200,18.0500,8140252,146116861.0000,3,0.039092,1,-0.720200,0
2012-06-19,sh.601628,17.9000,18.0800,17.7700,17.8200,17.9200,5681796,101568469.0000,3,0.027285,1,-0.558000,0
2012-06-20,sh.601628,17.8500,18.0300,17.8100,17.9600,17.8200,6928259,124406801.0000,3,0.033271,1,0.785600,0
2012-06-21,sh.601628,17.9500,17.9800,17.2200,17.5900,17.9600,11773782,206958234.0000,3,0.056541,1,-2.060100,0
2012-06-25,sh.601628,17.4900,17.5500,17.0200,17.1400,17.5900,8916411,153723286.0000,3,0.042819,1,-2.558300,0
2012-06-26,sh.601628,17.0100,17.7300,17.0100,17.5500,17.1400,12279233,214244422.0000,3,0.058968,1,2.392100,0
2012-06-27,sh.601628,17.5300,17.8100,17.5300,17.6100,17.5500,7660349,135322402.0000,3,0.036787,1,0.341900,0
2012-06-28,sh.601628,17.6800,17.8800,17.4800,17.6200,17.6100,10470279,185367789.0000,3,0.050281,1,0.056800,0
2012-06-29,sh.601628,17.5200,18.3500,17.5200,18.3000,17.6200,16029352,290362797.0000,3,0.076977,1,3.859300,0
2012-07-02,sh.601628,18.3800,18.5200,18.0700,18.3900,18.3000,12699836,232802214.0000,3,0.060988,1,0.491800,0
2012-07-03,sh.601628,18.4000,19.0100,18.2700,18.6200,18.3900,18838225,352541115.0000,3,0.090466,1,1.250700,0
2012-07-04,sh.601628,18.6400,18.8000,18.4000,18.5400,18.6200,7775362,144292658.0000,3,0.037339,1,-0.429600,0
2012-07-05,sh.601628,18.4600,19.0000,18.2500,18.8800,18.5400,16965539,316343324.0000,3,0.081473,1,1.833900,0
2012-07-06,sh.601628,18.9300,19.3600,18.3000,18.7700,18.8800,26927768,507362922.0000,3,0.129314,1,-0.582600,0
2012-07-09,sh.601628,18.4000,18.7400,18.3500,18.6000,18.7700,14536559,270342675.0000,3,0.069808,1,-0.905700,0
2012-07-10,sh.601628,18.4200,18.8700,18.3600,18.6400,18.6000,11651365,217613260.0000,3,0.055953,1,0.215100,0
2012-07-11,sh.601628,18.5700,18.9200,18.5000,18.9200,18.6400,13746513,258439836.0000,3,0.066014,1,1.502100,0
2012-07-12,sh.601628,18.8000,19.0200,18.2300,18.4300,18.9200,19957389,368233231.0000,3,0.095841,1,-2.589900,0
2012-07-13,sh.601628,18.3200,18.8500,18.3000,18.7700,18.4300,14652509,273301571.0000,3,0.070365,1,1.844800,0
2012-07-16,sh.601628,18.7700,18.8400,18.4000,18.5100,18.7700,12163836,226102602.0000,3,0.058414,1,-1.385200,0
2012-07-17,sh.601628,18.4800,19.0000,18.4100,18.9000,18.5100,14187592,266394206.0000,3,0.068133,1,2.107000,0
2012-07-18,sh.601628,19.0000,19.0300,18.5800,18.9400,18.9000,11544458,218096230.0000,3,0.055439,1,0.211600,0
2012-07-19,sh.601628,18.8300,20.3600,18.8300,20.0000,18.9400,36937790,728522046.0000,3,0.177385,1,5.596600,0
2012-07-20,sh.601628,19.9000,20.2000,19.7000,19.8800,20.0000,12256725,244279610.0000,3,0.058860,1,-0.600000,0
2012-07-23,sh.601628,19.6200,19.8000,19.4000,19.5200,19.8800,10594008,207503394.0000,3,0.050875,1,-1.810900,0
2012-07-24,sh.601628,19.4100,20.0000,19.4100,19.8300,19.5200,13494941,267767516.0000,3,0.064806,1,1.588100,0
2012-07-25,sh.601628,19.6200,19.9600,19.5100,19.7000,19.8300,7627611,150973855.0000,3,0.036630,1,-0.655600,0
2012-07-26,sh.601628,19.7300,19.8400,19.4000,19.4900,19.7000,12384164,242614130.0000,3,0.059472,1,-1.066000,0
2012-07-27,sh.601628,19.5500,19.6000,18.6200,18.9000,19.4900,11979369,228469837.0000,3,0.057528,1,-3.027200,0
2012-07-30,sh.601628,18.8800,19.0300,18.3300,18.3900,18.9000,12687203,235422062.0000,3,0.060927,1,-2.698400,0
2012-07-31,sh.601628,18.4300,19.0500,18.4300,18.7500,18.3900,9678406,181579665.0000,3,0.046478,1,1.957600,0
2012-08-01,sh.601628,18.7000,19.1900,18.7000,19.0600,18.7500,7815456,148702677.0000,3,0.037532,1,1.653300,0
2012-08-02,sh.601628,19.0500,19.1500,18.4600,18.6700,19.0600,8698371,162823067.0000,3,0.041772,1,-2.046200,0
2012-08-03,sh.601628,18.7300,18.8000,18.3600,18.7900,18.6700,9240640,171331734.0000,3,0.044376,1,0.642700,0
2012-08-06,sh.601628,18.6000,18.9500,18.3800,18.8600,18.7900,10082640,188198561.0000,3,0.048419,1,0.372500,0
2012-08-07,sh.601628,18.6800,18.7800,18.4100,18.5100,18.8600,9170847,170206062.0000,3,0.044041,1,-1.855800,0
2012-08-08,sh.601628,18.5100,18.7700,18.4400,18.7300,18.5100,7853667,145858750.0000,3,0.037715,1,1.188500,0
2012-08-09,sh.601628,18.6300,18.7400,18.4000,18.6800,18.7300,6059402,112677561.0000,3,0.029099,1,-0.267000,0
2012-08-10,sh.601628,18.7000,19.0500,18.6100,18.8600,18.6800,6895397,130072849.0000,3,0.033113,1,0.963600,0
2012-08-13,sh.601628,18.7500,18.7900,17.6600,17.9000,18.8600,14517358,264118459.0000,3,0.069716,1,-5.090100,0
2012-08-14,sh.601628,17.9600,17.9900,17.4500,17.7100,17.9000,12168452,214741698.0000,3,0.058436,1,-1.061500,0
2012-08-15,sh.601628,17.7100,17.8500,17.5200,17.6700,17.7100,3371976,59676022.0000,3,0.016193,1,-0.225900,0
2012-08-16,sh.601628,17.7000,17.7900,17.5500,17.7200,17.6700,3385813,59815351.0000,3,0.016260,1,0.283000,0
2012-08-17,sh.601628,17.7300,17.7300,17.4500,17.5800,17.7200,5578879,97852410.0000,3,0.026791,1,-0.790100,0
2012-08-20,sh.601628,17.3800,17.3800,16.9500,17.1400,17.5800,10579067,181351355.0000,3,0.050803,1,-2.502800,0
2012-08-21,sh.601628,17.1600,17.3700,17.0800,17.1900,17.1400,8011163,137893107.0000,3,0.038472,1,0.291700,0
2012-08-22,sh.601628,17.2000,17.3000,17.0000,17.2100,17.1900,5824701,99963868.0000,3,0.027972,1,0.116300,0
2012-08-23,sh.601628,17.2000,17.3200,17.0100,17.2500,17.2100,4977315,85640978.0000,3,0.023902,1,0.232400,0
2012-08-24,sh.601628,17.1500,17.3500,17.1000,17.1800,17.2500,5962695,102723756.0000,3,0.028634,1,-0.405800,0
2012-08-27,sh.601628,17.0800,17.2200,16.4200,16.5600,17.1800,11673419,195488686.0000,3,0.056059,1,-3.608800,0
2012-08-28,sh.601628,16.6500,16.9000,16.5000,16.7200,16.5600,6200696,103623227.0000,3,0.029777,1,0.966200,0
2012-08-29,sh.601628,16.7200,17.0600,16.5300,16.7700,16.7200,12334224,207887732.0000,3,0.059232,1,0.299000,0
2012-08-30,sh.601628,16.5500,17.6500,16.5500,17.3000,16.7700,16236127,278868656.0000,3,0.077970,1,3.160398,0
2012-08-31,sh.601628,17.3000,17.9400,17.3000,17.8400,17.3000,17817389,316830836.0000,3,0.085564,1,3.121400,0
2012-09-03,sh.601628,17.7100,18.4300,17.7000,18.0400,17.8400,14132621,255976969.0000,3,0.067869,1,1.121100,0
2012-09-04,sh.601628,17.9900,18.1100,17.7000,17.8300,18.0400,6709590,119738581.0000,3,0.032221,1,-1.164100,0
2012-09-05,sh.601628,17.8300,18.2000,17.6200,17.9300,17.8300,8739287,156865047.0000,3,0.041968,1,0.560900,0
2012-09-06,sh.601628,17.9300,18.2800,17.7000,18.0000,17.9300,10427924,187528825.0000,3,0.050078,1,0.390400,0
2012-09-07,sh.601628,18.2000,19.1500,18.1700,18.9000,18.0000,22563915,422039634.0000,3,0.108358,1,5.000000,0
2012-09-10,sh.601628,18.7600,19.0500,18.7300,18.9000,18.9000,12103968,228446358.0000,3,0.058126,1,0.000000,0
2012-09-11,sh.601628,18.7800,18.8700,18.3500,18.4100,18.9000,11646316,216307262.0000,3,0.055929,1,-2.592600,0
2012-09-12,sh.601628,18.6000,18.7800,18.3000,18.3900,18.4100,9841693,181938491.0000,3,0.047262,1,-0.108600,0
2012-09-13,sh.601628,18.3600,18.7500,18.3600,18.5000,18.3900,6596865,122646629.0000,3,0.031680,1,0.598200,0
2012-09-14,sh.601628,18.6000,18.9300,18.5200,18.6500,18.5000,13391842,250918626.0000,3,0.064311,1,0.810800,0
2012-09-17,sh.601628,18.6300,18.7500,17.8700,18.0400,18.6500,9018083,164981381.0000,3,0.043307,1,-3.270800,0
2012-09-18,sh.601628,18.0000,18.3000,17.7300,18.1500,18.0400,4892543,88245327.0000,3,0.023495,1,0.609800,0
2012-09-19,sh.601628,18.2000,18.3300,17.9500,18.1800,18.1500,5283404,95937290.0000,3,0.025372,1,0.165300,0
2012-09-20,sh.601628,18.0000,18.1000,17.7100,17.8100,18.1800,4811782,85851983.0000,3,0.023107,1,-2.035200,0
2012-09-21,sh.601628,17.8100,18.2800,17.7000,18.1300,17.8100,7027549,126828309.0000,3,0.033748,1,1.796700,0
2012-09-24,sh.601628,17.9500,18.6700,17.8300,18.4800,18.1300,7946174,145796219.0000,3,0.038160,1,1.930500,0
2012-09-25,sh.601628,18.4800,18.9000,18.4000,18.5800,18.4800,6655735,124714270.0000,3,0.031963,1,0.541100,0
2012-09-26,sh.601628,18.5700,18.6700,18.4500,18.5300,18.5800,4656251,86286357.0000,3,0.022361,1,-0.269100,0
2012-09-27,sh.601628,18.5000,19.0800,18.4700,18.9100,18.5300,13977992,263953771.0000,3,0.067126,1,2.050700,0
2012-09-28,sh.601628,18.7400,19.1100,18.7200,18.9000,18.9100,17304473,327719232.0000,3,0.083101,1,-0.052900,0
2012-10-08,sh.601628,18.9800,19.0900,18.7100,18.8400,18.9000,5489286,103797671.0000,3,0.026361,1,-0.317500,0
2012-10-09,sh.601628,18.9600,19.2900,18.8900,19.0700,18.8400,11735683,224931593.0000,3,0.056358,1,1.220800,0
2012-10-10,sh.601628,19.0600,19.1300,18.8100,18.9800,19.0700,9746230,184507167.0000,3,0.046804,1,-0.471900,0
2012-10-11,sh.601628,18.9000,18.9000,18.4200,18.5300,18.9800,9607752,179463281.0000,3,0.046139,1,-2.370900,0
2012-10-12,sh.601628,18.6000,18.8800,18.4500,18.5200,18.5300,8597372,160400811.0000,3,0.041287,1,-0.054000,0
2012-10-15,sh.601628,18.5800,18.8500,18.5700,18.7900,18.5200,7718691,144447800.0000,3,0.037067,1,1.457900,0
2012-10-16,sh.601628,18.7900,18.8500,18.3900,18.4100,18.7900,6471256,120644211.0000,3,0.031077,1,-2.022400,0
2012-10-17,sh.601628,18.5000,18.6400,17.6100,17.6800,18.4100,22385776,404262771.0000,3,0.107502,1,-3.965200,0
2012-10-18,sh.601628,17.3800,17.8500,17.1500,17.7800,17.6800,35562285,620665449.0000,3,0.170779,1,0.565600,0
2012-10-19,sh.601628,17.6800,17.9600,17.6700,17.9100,17.7800,10012727,178834931.0000,3,0.048084,1,0.731154,0
2012-10-22,sh.601628,17.8000,18.2000,17.6700,18.1100,17.9100,9380221,168487147.0000,3,0.045046,1,1.116700,0
2012-10-23,sh.601628,18.1100,18.2800,17.7800,17.8500,18.1100,8479919,152894991.0000,3,0.040723,1,-1.435700,0
2012-10-24,sh.601628,17.7700,18.0700,17.6900,18.0100,17.8500,7176937,128583732.0000,3,0.034466,1,0.896400,0
2012-10-25,sh.601628,18.0300,18.0900,17.7900,17.8700,18.0100,4877331,87512828.0000,3,0.023422,1,-0.777300,0
2012-10-26,sh.601628,17.8700,17.8700,17.3800,17.6000,17.8700,5544302,97710626.0000,3,0.026625,1,-1.510900,0
2012-10-29,sh.601628,17.5100,18.0500,17.5100,17.6000,17.6000,12722021,226950666.0000,3,0.061094,1,0.000000,0
2012-10-30,sh.601628,17.6900,18.0300,17.5500,17.6000,17.6000,7986170,141477745.0000,3,0.038352,1,0.000000,0
2012-10-31,sh.601628,17.6000,17.6500,17.2000,17.3600,17.6000,9518101,165428503.0000,3,0.045708,1,-1.363600,0
2012-11-01,sh.601628,17.3800,18.2700,17.3800,18.1900,17.3600,14442954,260200735.0000,3,0.069359,1,4.781100,0
2012-11-02,sh.601628,18.4000,18.5700,18.0300,18.5400,18.1900,13178928,241873274.0000,3,0.063289,1,1.924100,0
2012-11-05,sh.601628,18.5400,18.5700,18.1900,18.4000,18.5400,7688081,141202403.0000,3,0.036920,1,-0.755100,0
2012-11-06,sh.601628,18.3800,18.4700,17.9500,18.4100,18.4000,10116014,183315532.0000,3,0.048580,1,0.054300,0
2012-11-07,sh.601628,18.3400,18.5400,18.0200,18.3500,18.4100,5565625,101873252.0000,3,0.026728,1,-0.325900,0
2012-11-08,sh.601628,18.1700,18.4000,18.0300,18.1000,18.3500,7109584,129235757.0000,3,0.034142,1,-1.362400,0
2012-11-09,sh.601628,18.0300,18.1800,17.9000,17.9400,18.1000,3583277,64521796.0000,3,0.017208,1,-0.884000,0
2012-11-12,sh.601628,17.9700,17.9700,17.5800,17.7700,17.9400,7072182,125399561.0000,3,0.033962,1,-0.947600,0
2012-11-13,sh.601628,17.7800,17.9000,17.5100,17.6600,17.7700,6464046,114630498.0000,3,0.031042,1,-0.619000,0
2012-11-14,sh.601628,17.7000,17.9400,17.6000,17.8600,17.6600,3503144,62307968.0000,3,0.016823,1,1.132500,0
2012-11-15,sh.601628,17.7100,18.2000,17.6900,18.0000,17.8600,7486585,135136683.0000,3,0.035953,1,0.783900,0
2012-11-16,sh.601628,18.0000,18.0300,17.2000,17.3700,18.0000,14131501,247278517.0000,3,0.067863,1,-3.500000,0
2012-11-19,sh.601628,17.3900,17.6300,16.8000,17.2700,17.3700,8801910,151281634.0000,3,0.042269,1,-0.575700,0
2012-11-20,sh.601628,17.3100,17.5100,17.0000,17.0800,17.2700,4983337,85674406.0000,3,0.023931,1,-1.100200,0
2012-11-21,sh.601628,17.1000,17.3900,17.0300,17.3000,17.0800,5074023,87380473.0000,3,0.024367,1,1.288100,0
2012-11-22,sh.601628,17.2200,17.3300,17.0700,17.2800,17.3000,3182287,54818075.0000,3,0.015282,1,-0.115600,0
2012-11-23,sh.601628,17.3300,17.8500,17.2300,17.7100,17.2800,7210649,127197160.0000,3,0.034627,1,2.488400,0
2012-11-26,sh.601628,17.6000,17.7900,17.4000,17.7300,17.7100,5274818,92980028.0000,3,0.025331,1,0.112900,0
2012-11-27,sh.601628,17.6300,17.7000,17.4500,17.5100,17.7300,2674846,47059474.0000,3,0.012845,1,-1.240800,0
2012-11-28,sh.601628,17.5100,17.5400,17.2800,17.4300,17.5100,3970983,69165059.0000,3,0.019070,1,-0.456900,0
2012-11-29,sh.601628,17.4200,17.5800,17.1200,17.2300,17.4300,5923105,103426371.0000,3,0.028444,1,-1.147400,0
2012-11-30,sh.601628,17.2000,17.8000,17.1500,17.6500,17.2300,10125632,177458080.0000,3,0.048626,1,2.437600,0
2012-12-03,sh.601628,17.5600,18.3100,17.5600,17.8000,17.6500,14072515,252818109.0000,3,0.067580,1,0.849900,0
2012-12-04,sh.601628,17.8300,18.1800,17.7200,18.0600,17.8000,9995697,179667697.0000,3,0.048002,1,1.460700,0
2012-12-05,sh.601628,18.0000,18.7300,17.9500,18.5300,18.0600,30611829,566129874.0000,3,0.147006,1,2.602400,0
2012-12-06,sh.601628,18.4900,18.5300,18.2300,18.4400,18.5300,8424420,154665050.0000,3,0.040456,1,-0.485700,0
2012-12-07,sh.601628,18.3300,18.8100,18.3300,18.5500,18.4400,15005030,278885255.0000,3,0.072058,1,0.596500,0
2012-12-10,sh.601628,18.7200,18.7400,18.4800,18.6800,18.5500,14486187,270079149.0000,3,0.069566,1,0.700800,0
2012-12-11,sh.601628,18.6600,18.7700,18.4900,18.6300,18.6800,12751004,238017039.0000,3,0.061234,1,-0.267700,0
2012-12-12,sh.601628,18.6300,18.7800,18.5700,18.7500,18.6300,7696458,144020456.0000,3,0.036960,1,0.644100,0
2012-12-13,sh.601628,18.6200,18.7400,18.4900,18.5600,18.7500,4970304,92307691.0000,3,0.023869,1,-1.013300,0
2012-12-14,sh.601628,18.6500,19.8800,18.6000,19.5600,18.5600,41598852,798606679.0000,3,0.199768,1,5.387900,0
2012-12-17,sh.601628,19.5400,20.0300,19.5400,19.8500,19.5600,18263622,360824681.0000,3,0.087707,1,1.482600,0
2012-12-18,sh.601628,19.8500,20.0300,19.3100,19.5600,19.8500,15614871,307439796.0000,3,0.074987,1,-1.461000,0
2012-12-19,sh.601628,19.5300,19.5700,19.2700,19.3600,19.5600,9230072,179068300.0000,3,0.044325,1,-1.022500,0
2012-12-20,sh.601628,19.3200,19.5700,19.0300,19.2800,19.3600,9153387,176551345.0000,3,0.043957,1,-0.413200,0
2012-12-21,sh.601628,19.3500,19.6600,19.1500,19.2400,19.2800,7380998,142823502.0000,3,0.035445,1,-0.207500,0
2012-12-24,sh.601628,19.2500,19.4700,19.0300,19.3200,19.2400,10020505,193325707.0000,3,0.048121,1,0.415800,0
2012-12-25,sh.601628,19.2800,20.0800,19.0200,19.7900,19.3200,17410394,343789483.0000,3,0.083609,1,2.432700,0
2012-12-26,sh.601628,19.7500,20.2500,19.7100,20.0000,19.7900,15261443,306024092.0000,3,0.073289,1,1.061100,0
2012-12-27,sh.601628,20.1300,20.3500,19.6200,19.8800,20.0000,12092714,240945107.0000,3,0.058072,1,-0.600000,0
2012-12-28,sh.601628,19.9000,20.2800,19.8100,20.2200,19.8800,13843836,277324779.0000,3,0.066482,1,1.710300,0
2012-12-31,sh.601628,20.2600,21.5900,20.2600,21.4000,20.2200,39125401,825348723.0000,3,0.187890,1,5.835800,0
2013-01-04,sh.601628,21.7500,22.7000,21.4800,21.6000,21.4000,33906646,748012384.0000,3,0.162829,1,0.934600,0
2013-01-07,sh.601628,21.5000,22.0400,21.2100,21.9200,21.6000,17285805,377039569.0000,3,0.083011,1,1.481500,0
2013-01-08,sh.601628,21.7100,21.8500,20.9000,21.2200,21.9200,21384316,454255963.0000,3,0.102693,1,-3.193400,0
2013-01-09,sh.601628,21.1800,21.2700,20.9000,20.9500,21.2200,18851727,396401237.0000,3,0.090531,1,-1.272400,0
2013-01-10,sh.601628,20.9800,21.3700,20.9200,21.0700,20.9500,12754442,269869542.0000,3,0.061250,1,0.572800,0
2013-01-11,sh.601628,21.1100,21.2500,20.5000,20.7800,21.0700,12088508,251559336.0000,3,0.058052,1,-1.376400,0
2013-01-14,sh.601628,20.7600,22.0000,20.5700,21.8200,20.7800,16676759,357546957.0000,3,0.080086,1,5.004800,0
2013-01-15,sh.601628,21.8200,22.0000,21.5300,21.8000,21.8200,12847493,279711984.0000,3,0.061697,1,-0.091700,0
2013-01-16,sh.601628,21.5600,21.8500,20.8000,21.1500,21.8000,13036978,276601968.0000,3,0.062607,1,-2.981700,0
2013-01-17,sh.601628,21.1200,21.1500,20.2100,20.5200,21.1500,24141815,495079021.0000,3,0.115935,1,-2.978700,0
2013-01-18,sh.601628,20.6200,20.9100,20.0800,20.5100,20.5200,32005517,654097081.0000,3,0.153699,1,-0.048700,0
2013-01-21,sh.601628,20.4800,20.5400,20.1300,20.4300,20.5100,20861783,423574313.0000,3,0.100184,1,-0.390100,0
2013-01-22,sh.601628,20.4600,20.8800,20.1700,20.5900,20.4300,26162417,537684336.0000,3,0.125639,1,0.783200,0
2013-01-23,sh.601628,20.4900,20.7900,20.3000,20.7800,20.5900,13958369,287584941.0000,3,0.067032,1,0.922800,0
2013-01-24,sh.601628,20.7800,21.3700,20.3500,20.5600,20.7800,25268198,527660521.0000,3,0.121344,1,-1.058700,0
2013-01-25,sh.601628,20.5000,20.6200,19.7000,19.9100,20.5600,22635179,453857024.0000,3,0.108700,1,-3.161500,0
2013-01-28,sh.601628,19.8500,20.2500,19.5700,20.2400,19.9100,32729083,650632704.0000,3,0.157174,1,1.657500,0
2013-01-29,sh.601628,20.2600,20.4500,19.6900,19.9600,20.2400,45385105,907563380.0000,3,0.217951,1,-1.383400,0
2013-01-30,sh.601628,20.0000,20.6700,20.0000,20.3800,19.9600,33378750,680677654.0000,3,0.160293,1,2.104200,0
2013-01-31,sh.601628,20.4900,20.6500,20.3000,20.6100,20.3800,26260626,538056955.0000,3,0.126110,1,1.128600,0
2013-02-01,sh.601628,20.4500,21.6500,20.2800,21.4700,20.6100,44747630,941051512.0000,3,0.214890,1,4.172700,0
2013-02-04,sh.601628,21.5100,22.0000,20.9500,21.0000,21.4700,36312907,775765046.0000,3,0.174384,1,-2.189100,0
2013-02-05,sh.601628,20.8100,20.8200,19.8600,20.3600,21.0000,41358326,838465209.0000,3,0.198613,1,-3.047600,0
2013-02-06,sh.601628,20.3200,20.6900,20.2000,20.4900,20.3600,35390098,724999232.0000,3,0.169952,1,0.638500,0
2013-02-07,sh.601628,20.3800,20.4000,19.9000,20.1000,20.4900,30511905,613131465.0000,3,0.146526,1,-1.903400,0
2013-02-08,sh.601628,20.1100,20.1900,19.9600,20.1200,20.1000,14463028,290720881.0000,3,0.069455,1,0.099500,0
2013-02-18,sh.601628,20.1800,20.2500,19.7800,19.8400,20.1200,20136493,402328636.0000,3,0.096701,1,-1.391700,0
2013-02-19,sh.601628,19.7000,19.8200,19.1700,19.3000,19.8400,23763109,463577159.0000,3,0.114117,1,-2.721800,0
2013-02-20,sh.601628,19.3000,19.4500,19.1100,19.4200,19.3000,14300732,275546513.0000,3,0.068676,1,0.621800,0
2013-02-21,sh.601628,19.2000,19.2100,18.6100,18.7000,19.4200,29566318,557348274.0000,3,0.141985,1,-3.707500,0
2013-02-22,sh.601628,18.7700,18.8000,18.5000,18.6000,18.7000,13311959,248075971.0000,3,0.063927,1,-0.534800,0
2013-02-25,sh.601628,18.6800,18.8300,18.4900,18.6400,18.6000,14702591,273433210.0000,3,0.070606,1,0.215100,0
2013-02-26,sh.601628,18.5100,18.8100,18.2400,18.2800,18.6400,24109892,446538166.0000,3,0.115782,1,-1.931300,0
2013-02-27,sh.601628,18.3400,18.5500,18.0500,18.4500,18.2800,31480085,576546339.0000,3,0.151176,1,0.930000,0
2013-02-28,sh.601628,18.5500,18.9700,18.3300,18.9000,18.4500,29734164,554863556.0000,3,0.142791,1,2.439000,0
2013-03-01,sh.601628,18.7000,18.7500,18.1200,18.3600,18.9000,39955398,734874173.0000,3,0.191876,1,-2.857100,0
2013-03-04,sh.601628,18.1900,18.3200,17.1600,17.3000,18.3600,51825902,908762402.0000,3,0.248881,1,-5.773400,0
2013-03-05,sh.601628,17.3900,17.6400,17.3000,17.6000,17.3000,26917892,469276733.0000,3,0.129267,1,1.734100,0
2013-03-06,sh.601628,17.6600,17.9300,17.6200,17.9200,17.6000,34535976,615049827.0000,3,0.165851,1,1.818200,0
2013-03-07,sh.601628,17.8200,17.8800,17.4400,17.6600,17.9200,18229472,322477498.0000,3,0.087543,1,-1.450900,0
2013-03-08,sh.601628,17.6700,17.9800,17.6100,17.8800,17.6600,18309777,326305333.0000,3,0.087928,1,1.245800,0
2013-03-11,sh.601628,17.8800,17.8800,17.8800,17.8800,17.8800,0,0.0000,3,,0,0.000000,0
2013-03-12,sh.601628,17.7000,17.7600,17.3500,17.5800,17.8800,24304899,425780734.0000,3,0.116718,1,-1.677900,0
2013-03-13,sh.601628,17.5000,17.5100,17.0000,17.1600,17.5800,17689012,304624060.0000,3,0.084947,1,-2.389100,0
2013-03-14,sh.601628,17.1600,17.2700,17.0100,17.2400,17.1600,11795178,202239418.0000,3,0.056644,1,0.466200,0
2013-03-15,sh.601628,17.2400,17.7700,17.0900,17.4600,17.2400,19775855,344975803.0000,3,0.094969,1,1.276100,0
2013-03-18,sh.601628,17.3400,17.4400,16.9800,17.0400,17.4600,17622493,302078624.0000,3,0.084628,1,-2.405500,0
2013-03-19,sh.601628,17.1400,17.3500,17.0400,17.2500,17.0400,10647206,182977872.0000,3,0.051131,1,1.232400,0
2013-03-20,sh.601628,17.2600,17.7900,17.2500,17.7500,17.2500,26254987,462890112.0000,3,0.126083,1,2.898600,0
2013-03-21,sh.601628,17.6500,17.8800,17.5600,17.6600,17.7500,15359009,271821440.0000,3,0.073758,1,-0.507000,0
2013-03-22,sh.601628,17.6500,17.7300,17.3300,17.4700,17.6600,16805287,293719680.0000,3,0.080703,1,-1.075900,0
2013-03-25,sh.601628,17.5500,17.6000,17.2500,17.3400,17.4700,9848578,171346560.0000,3,0.047295,1,-0.744100,0
2013-03-26,sh.601628,17.3000,17.3700,17.1100,17.2100,17.3400,9512460,163557760.0000,3,0.045681,1,-0.749700,0
2013-03-27,sh.601628,17.2400,17.5300,17.2100,17.3700,17.2100,13461039,233630880.0000,3,0.064643,1,0.929700,0
2013-03-28,sh.601628,17.1000,17.3000,16.9300,17.0700,17.3700,15871669,271108128.0000,3,0.076220,1,-1.727100,0
2013-03-29,sh.601628,17.1300,17.3000,17.1000,17.1500,17.0700,7314798,125677904.0000,3,0.035128,1,0.468700,0
2013-04-01,sh.601628,17.1200,17.2500,17.0500,17.1800,17.1500,6684936,114708848.0000,3,0.032103,1,0.174900,0
2013-04-02,sh.601628,17.2100,17.3500,17.0600,17.1600,17.1800,9700946,166793296.0000,3,0.046586,1,-0.116400,0
2013-04-03,sh.601628,17.1600,17.4300,17.1200,17.4200,17.1600,14523761,251417424.0000,3,0.069747,1,1.515200,0
2013-04-08,sh.601628,17.1800,17.2000,17.0000,17.1500,17.4200,13221894,226044336.0000,3,0.063495,1,-1.549900,0
2013-04-09,sh.601628,17.1500,17.6500,17.1500,17.4600,17.1500,21222774,368914752.0000,3,0.101917,1,1.807600,0
2013-04-10,sh.601628,17.3800,17.6000,17.3200,17.5600,17.4600,16699214,291961568.0000,3,0.080194,1,0.572700,0
2013-04-11,sh.601628,17.7200,17.8100,17.4600,17.4700,17.5600,13459250,237293616.0000,3,0.064635,1,-0.512500,0
2013-04-12,sh.601628,17.4200,17.5400,17.2800,17.2900,17.4700,6902046,120098232.0000,3,0.033145,1,-1.030329,0
2013-04-15,sh.601628,17.2000,17.3400,17.0100,17.0400,17.2900,12620382,215744048.0000,3,0.060606,1,-1.445900,0
2013-04-16,sh.601628,16.9800,17.4300,16.9000,17.4200,17.0400,13962189,239870256.0000,3,0.067050,1,2.230042,0
2013-04-17,sh.601628,17.4100,17.5200,17.1800,17.2900,17.4200,12091253,209775840.0000,3,0.058065,1,-0.746300,0
2013-04-18,sh.601628,17.2000,17.5000,17.1500,17.4400,17.2900,9605317,166785984.0000,3,0.046127,1,0.867600,0
2013-04-19,sh.601628,17.4900,17.8200,17.4400,17.6700,17.4400,22884497,403900896.0000,3,0.109897,1,1.318805,0
2013-04-22,sh.601628,17.4300,17.4500,17.1100,17.2200,17.6700,23770815,409343168.0000,3,0.114154,1,-2.546700,0
2013-04-23,sh.601628,17.2000,17.2000,16.9000,16.9100,17.2200,19995626,340202176.0000,3,0.096024,1,-1.800200,0
2013-04-24,sh.601628,16.9300,17.1700,16.8000,17.0500,16.9100,15624770,265113984.0000,3,0.075034,1,0.827900,0
2013-04-25,sh.601628,17.0300,17.1000,16.7500,16.7600,17.0500,17955077,303248256.0000,3,0.086225,1,-1.700900,0
2013-04-26,sh.601628,16.8800,16.9700,16.7400,16.7600,16.7600,15846304,266302320.0000,3,0.076098,1,0.000000,0
2013-05-02,sh.601628,16.7600,16.9300,16.7400,16.8400,16.7600,9650843,162681056.0000,3,0.046346,1,0.477300,0
2013-05-03,sh.601628,16.9000,17.1800,16.8800,16.9500,16.8400,22380397,380941440.0000,3,0.107476,1,0.653210,0
2013-05-06,sh.601628,17.0100,17.0600,16.8000,17.0000,16.9500,20653808,350299648.0000,3,0.099185,1,0.295000,0
2013-05-07,sh.601628,17.0000,17.0200,16.8500,16.9700,17.0000,13249722,224217440.0000,3,0.063629,1,-0.176500,0
2013-05-08,sh.601628,17.0200,17.1700,16.9700,17.1100,16.9700,16568640,282822976.0000,3,0.079567,1,0.825000,0
2013-05-09,sh.601628,17.1200,17.1500,16.7700,16.8500,17.1100,14630066,247164416.0000,3,0.070257,1,-1.519600,0
2013-05-10,sh.601628,16.8300,16.9600,16.7800,16.9000,16.8500,9898079,166919504.0000,3,0.047533,1,0.296700,0
2013-05-13,sh.601628,16.9500,16.9500,16.6200,16.6500,16.9000,17723697,296599488.0000,3,0.085114,1,-1.479300,0
2013-05-14,sh.601628,16.6900,16.6900,16.2300,16.4000,16.6500,18153449,297254464.0000,3,0.087178,1,-1.501500,0
2013-05-15,sh.601628,16.3800,16.4700,16.1700,16.2700,16.4000,13506499,219605088.0000,3,0.064862,1,-0.792700,0
2013-05-16,sh.601628,16.2600,16.6000,16.1800,16.5700,16.2700,14714694,242102800.0000,3,0.070664,1,1.843900,0
2013-05-17,sh.601628,16.5700,16.8600,16.4300,16.7800,16.5700,20778174,345986176.0000,3,0.099782,1,1.267400,0
2013-05-20,sh.601628,16.8000,17.0200,16.7500,16.8300,16.7800,20628752,348962368.0000,3,0.099065,1,0.298000,0
2013-05-21,sh.601628,16.8400,16.9400,16.7800,16.8600,16.8300,11075712,186444304.0000,3,0.053188,1,0.178257,0
2013-05-22,sh.601628,16.8600,17.0000,16.7000,16.8600,16.8600,13193404,223006624.0000,3,0.063358,1,0.000000,0
2013-05-23,sh.601628,16.8000,16.8500,16.5000,16.5200,16.8600,16927868,281792352.0000,3,0.081292,1,-2.016600,0
2013-05-24,sh.601628,16.5900,16.6500,16.3900,16.5300,16.5200,10513430,173546128.0000,3,0.050488,1,0.060500,0
2013-05-27,sh.601628,16.5100,16.6600,16.4400,16.5000,16.5300,8817048,145707360.0000,3,0.042342,1,-0.181500,0
2013-05-28,sh.601628,16.5100,16.8800,16.4300,16.8700,16.5000,15809128,263614528.0000,3,0.075920,1,2.242400,0
2013-05-29,sh.601628,16.8900,16.9500,16.7600,16.7900,16.8700,12861618,216478720.0000,3,0.061765,1,-0.474200,0
2013-05-30,sh.601628,16.7100,16.8100,16.6900,16.7400,16.7900,10313025,172715248.0000,3,0.049526,1,-0.297800,0
2013-05-31,sh.601628,16.7600,16.8800,16.5800,16.6400,16.7400,11042931,184579584.0000,3,0.053031,1,-0.597374,0
2013-06-03,sh.601628,16.6100,16.6600,16.4600,16.5200,16.6400,9036915,149495872.0000,3,0.043398,1,-0.721200,0
2013-06-04,sh.601628,16.5000,16.5700,16.3500,16.3900,16.5200,10235763,168028784.0000,3,0.049155,1,-0.786900,0
2013-06-05,sh.601628,16.4100,16.4900,16.3600,16.4100,16.3900,6306441,103445040.0000,3,0.030285,1,0.122000,0
2013-06-06,sh.601628,16.4000,16.4000,16.1800,16.2100,16.4100,12247039,198778304.0000,3,0.058813,1,-1.218800,0
2013-06-07,sh.601628,16.2200,16.2600,15.8600,15.8800,16.2100,14551973,233283136.0000,3,0.069882,1,-2.035800,0
2013-06-13,sh.601628,15.8000,15.8000,15.0200,15.1400,15.8800,16472200,250673904.0000,3,0.079104,1,-4.659900,0
2013-06-14,sh.601628,15.1800,15.2300,15.0500,15.0800,15.1400,13521820,204488832.0000,3,0.064935,1,-0.396300,0
2013-06-17,sh.601628,15.2000,15.2600,15.0300,15.1000,15.0800,16360707,247290704.0000,3,0.078568,1,0.132600,0
2013-06-18,sh.601628,15.0300,15.1100,14.9000,14.9700,14.9600,9056501,135891616.0000,3,0.043492,1,0.066800,0
2013-06-19,sh.601628,14.9200,14.9200,14.6100,14.8000,14.9700,8874010,130892656.0000,3,0.042615,1,-1.135600,0
2013-06-20,sh.601628,14.7300,14.7500,14.5200,14.5200,14.8000,9527039,139090000.0000,3,0.045751,1,-1.891900,0
2013-06-21,sh.601628,14.3900,14.9500,14.3000,14.7700,14.5200,18118251,266562240.0000,3,0.087009,1,1.721800,0
2013-06-24,sh.601628,14.6800,14.7000,13.9500,13.9600,14.7700,18716859,266077312.0000,3,0.089883,1,-5.484100,0
2013-06-25,sh.601628,13.9300,14.1100,13.0100,13.7400,13.9600,22301770,302999264.0000,3,0.107099,1,-1.575900,0
2013-06-26,sh.601628,13.7500,13.7600,13.2200,13.4200,13.7400,20054516,268698752.0000,3,0.096307,1,-2.329000,0
2013-06-27,sh.601628,13.4200,13.6700,13.3200,13.4300,13.4200,15050840,203341648.0000,3,0.072278,1,0.074500,0
2013-06-28,sh.601628,13.4400,13.8700,13.3300,13.6900,13.4300,12165015,165799360.0000,3,0.058420,1,1.936000,0
2013-07-01,sh.601628,13.6000,13.6900,13.4000,13.6000,13.6900,8507780,115458656.0000,3,0.040857,1,-0.657400,0
2013-07-02,sh.601628,13.6200,13.6800,13.4000,13.6200,13.6000,10008233,135656640.0000,3,0.048062,1,0.147100,0
2013-07-03,sh.601628,13.5600,13.5800,13.4200,13.4800,13.6200,6489157,87625664.0000,3,0.031163,1,-1.027900,0
2013-07-04,sh.601628,13.4500,13.7100,13.3400,13.5100,13.4800,12682349,171650304.0000,3,0.060904,1,0.222600,0
2013-07-05,sh.601628,13.5200,13.6300,13.4400,13.5300,13.5100,8615699,116530272.0000,3,0.041375,1,0.148000,0
2013-07-08,sh.601628,13.3600,13.4000,12.9600,12.9800,13.5300,12310908,161903728.0000,3,0.059120,1,-4.065000,0
2013-07-09,sh.601628,12.9700,13.0500,12.9500,13.0000,12.9800,8791615,114237488.0000,3,0.042220,1,0.154100,0
2013-07-10,sh.601628,12.9400,13.3500,12.9200,13.3000,13.0000,10137778,133430576.0000,3,0.048684,1,2.307700,0
2013-07-11,sh.601628,13.4500,14.5000,13.3300,14.1600,13.3000,37179687,519556928.0000,3,0.178547,1,6.466200,0
2013-07-12,sh.601628,14.0200,14.0900,13.6700,13.6800,14.1600,18879969,262002368.0000,3,0.090667,1,-3.389800,0
2013-07-15,sh.601628,13.7800,14.1500,13.6600,13.7900,13.6800,14528305,201458128.0000,3,0.069769,1,0.804100,0
2013-07-16,sh.601628,13.7700,13.8500,13.4800,13.7600,13.7900,10729798,146566416.0000,3,0.051527,1,-0.217500,0
2013-07-17,sh.601628,13.7200,13.8600,13.5100,13.5400,13.7600,11565190,157809536.0000,3,0.055539,1,-1.598800,0
2013-07-18,sh.601628,13.5000,13.5400,13.2600,13.3000,13.5400,10357027,138151872.0000,3,0.049737,1,-1.772500,0
2013-07-19,sh.601628,13.2800,13.4000,13.0100,13.0400,13.3000,13008310,171727120.0000,3,0.062469,1,-1.954900,0
2013-07-22,sh.601628,12.9800,13.1200,12.8900,13.0800,13.0400,10118198,131515512.0000,3,0.048590,1,0.306700,0
2013-07-23,sh.601628,13.1300,13.4700,13.0600,13.3500,13.0800,11461893,152731088.0000,3,0.055043,1,2.064200,0
2013-07-24,sh.601628,13.2600,13.3300,12.9900,13.1300,13.3500,11118426,145948128.0000,3,0.053394,1,-1.647900,0
2013-07-25,sh.601628,13.2000,13.3400,13.0500,13.2100,13.1300,8672480,114393208.0000,3,0.041648,1,0.609300,0
2013-07-26,sh.601628,13.1700,13.2200,13.0500,13.1300,13.2100,5989288,78610952.0000,3,0.028762,1,-0.605600,0
2013-07-29,sh.601628,13.0500,13.0600,12.8800,12.9100,13.1300,7452726,96393088.0000,3,0.035790,1,-1.675600,0
2013-07-30,sh.601628,12.9900,13.3000,12.9500,13.0500,12.9100,7459201,97882984.0000,3,0.035821,1,1.084400,0
2013-07-31,sh.601628,13.2600,13.5000,13.1600,13.2600,13.0500,12604023,168362656.0000,3,0.060528,1,1.609200,0
2013-08-01,sh.601628,13.3200,13.5000,13.2600,13.4300,13.2600,12828821,171976512.0000,3,0.061607,1,1.282100,0
2013-08-02,sh.601628,13.5200,13.5600,13.2800,13.3200,13.4300,10881599,145725072.0000,3,0.052256,1,-0.819100,0
2013-08-05,sh.601628,13.3600,13.5600,13.2500,13.5500,13.3200,12772799,171933408.0000,3,0.061338,1,1.726700,0
2013-08-06,sh.601628,13.4800,13.6100,13.3500,13.5200,13.5500,10383283,140014048.0000,3,0.049863,1,-0.221400,0
2013-08-07,sh.601628,13.5000,13.5900,13.3900,13.4000,13.5200,11529827,155419040.0000,3,0.055369,1,-0.887600,0
2013-08-08,sh.601628,13.4700,13.6000,13.3500,13.4000,13.4000,9686283,130315176.0000,3,0.046516,1,0.000000,0
2013-08-09,sh.601628,13.4600,13.5900,13.3300,13.3900,13.4000,10955554,147350528.0000,3,0.052611,1,-0.074600,0
2013-08-12,sh.601628,13.4900,13.9000,13.4500,13.8700,13.3900,28622940,391784000.0000,3,0.137455,1,3.584800,0
2013-08-13,sh.601628,13.8500,13.9400,13.7500,13.9100,13.8700,16305623,226153728.0000,3,0.078304,1,0.288400,0
2013-08-14,sh.601628,13.8900,14.1500,13.8500,13.9300,13.9100,19508790,273191680.0000,3,0.093686,1,0.143800,0
2013-08-15,sh.601628,13.9000,14.0000,13.8000,13.8100,13.9300,11680292,162451616.0000,3,0.056092,1,-0.861500,0
2013-08-16,sh.601628,13.7500,14.9800,13.5700,13.7600,13.8100,27699533,387493440.0000,3,0.133020,1,-0.362100,0
2013-08-19,sh.601628,13.6700,13.8900,13.5200,13.8000,13.7600,13390444,183254800.0000,3,0.064304,1,0.290700,0
2013-08-20,sh.601628,13.7300,13.9100,13.5400,13.6300,13.8000,11921415,163654928.0000,3,0.057250,1,-1.231900,0
2013-08-21,sh.601628,13.6400,13.7500,13.4700,13.6200,13.6300,8104489,110308376.0000,3,0.038920,1,-0.073400,0
2013-08-22,sh.601628,13.5600,13.7300,13.5200,13.5500,13.6200,9288843,126296792.0000,3,0.044607,1,-0.514000,0
2013-08-23,sh.601628,13.6100,13.6400,13.3100,13.4200,13.5500,9376702,126223888.0000,3,0.045029,1,-0.959400,0
2013-08-26,sh.601628,13.4800,13.6500,13.4200,13.6400,13.4200,14579620,197985184.0000,3,0.070015,1,1.639300,0
2013-08-27,sh.601628,13.6200,13.7000,13.5600,13.6500,13.6400,8586472,117045824.0000,3,0.041234,1,0.073300,0
2013-08-28,sh.601628,13.6000,13.6700,13.4600,13.6300,13.6500,11549757,156747616.0000,3,0.055465,1,-0.146500,0
2013-08-29,sh.601628,13.7000,13.7700,13.5500,13.6600,13.6300,13157956,179808272.0000,3,0.063188,1,0.220100,0
2013-08-30,sh.601628,13.7000,14.1400,13.6300,13.8600,13.6600,26693594,371312576.0000,3,0.128190,1,1.464100,0
2013-09-02,sh.601628,13.9700,14.0000,13.7300,13.8300,13.8600,13294649,184226672.0000,3,0.063844,1,-0.216500,0
2013-09-03,sh.601628,13.9300,14.0800,13.8300,14.0600,13.8300,16510893,231307392.0000,3,0.079290,1,1.663100,0
2013-09-04,sh.601628,13.9800,14.0500,13.9300,13.9700,14.0600,10843624,151605152.0000,3,0.052074,1,-0.640100,0
2013-09-05,sh.601628,13.9800,14.0500,13.9000,13.9100,13.9700,9255625,129274696.0000,3,0.044448,1,-0.429500,0
2013-09-06,sh.601628,13.9100,14.0900,13.8600,13.9800,13.9100,9559672,133733184.0000,3,0.045908,1,0.503200,0
2013-09-09,sh.601628,14.0200,14.8200,13.9700,14.6200,13.9800,39453850,571452672.0000,3,0.189468,1,4.578000,0
2013-09-10,sh.601628,14.5600,14.8500,14.5400,14.7800,14.6200,21956119,322431328.0000,3,0.105439,1,1.094400,0
2013-09-11,sh.601628,14.8400,15.3400,14.7900,14.8100,14.7800,35275789,529932944.0000,3,0.169404,1,0.203000,0
2013-09-12,sh.601628,14.7600,15.2700,14.7600,15.0100,14.8100,32870189,492898512.0000,3,0.157851,1,1.350400,0
2013-09-13,sh.601628,15.1200,15.2000,14.7200,14.7200,15.0100,20794870,309846848.0000,3,0.099862,1,-1.932000,0
2013-09-16,sh.601628,14.8300,14.9800,14.6300,14.7400,14.7200,15503257,229346615.0000,3,0.074451,1,0.135900,0
2013-09-17,sh.601628,14.7400,14.9000,14.4400,14.4600,14.7400,16859824,247562246.0000,3,0.080965,1,-1.899600,0
2013-09-18,sh.601628,14.4500,14.5000,14.1000,14.2700,14.4600,20348699,290030912.0000,3,0.097720,1,-1.314000,0
2013-09-23,sh.601628,14.3700,14.4500,14.2500,14.4000,14.2700,10981242,157613528.0000,3,0.052735,1,0.911000,0
2013-09-24,sh.601628,14.3800,14.3800,14.1000,14.1500,14.4000,12304417,174751100.0000,3,0.059089,1,-1.736100,0
2013-09-25,sh.601628,14.1600,14.2600,14.0100,14.0900,14.1500,12550707,177329575.0000,3,0.060272,1,-0.424000,0
2013-09-26,sh.601628,14.0500,14.0600,13.7800,13.8100,14.0900,12880137,178672355.0000,3,0.061854,1,-1.987200,0
2013-09-27,sh.601628,13.8100,13.8800,13.7400,13.8300,13.8100,7564525,104467041.0000,3,0.036327,1,0.144800,0
2013-09-30,sh.601628,13.8900,13.9600,13.7500,13.8100,13.8300,8104713,112033111.0000,3,0.038921,1,-0.144600,0
2013-10-08,sh.601628,13.7800,13.9800,13.6800,13.9600,13.8100,9836461,136363781.0000,3,0.047237,1,1.086200,0
2013-10-09,sh.601628,13.9400,14.0500,13.8700,13.9900,13.9600,8889909,124063124.0000,3,0.042692,1,0.214900,0
2013-10-10,sh.601628,13.9900,14.0300,13.6600,13.6700,13.9900,12925970,178363677.0000,3,0.062074,1,-2.287300,0
2013-10-11,sh.601628,13.7800,13.9500,13.7100,13.9400,13.6700,11224675,155681479.0000,3,0.053904,1,1.975100,0
2013-10-14,sh.601628,13.9500,14.2000,13.8400,14.0400,13.9400,16531813,231448560.0000,3,0.079390,1,0.717400,0
2013-10-15,sh.601628,14.1000,14.2200,13.9500,14.0100,14.0400,11254217,158149987.0000,3,0.054046,1,-0.213700,0
2013-10-16,sh.601628,13.9900,13.9900,13.5000,13.7400,14.0100,12897339,177776259.0000,3,0.061936,1,-1.927200,0
2013-10-17,sh.601628,13.8100,13.8800,13.6700,13.7000,13.7400,8044741,110805988.0000,3,0.038633,1,-0.291100,0
2013-10-18,sh.601628,13.7200,13.9300,13.6500,13.7600,13.7000,10763880,148151679.0000,3,0.051691,1,0.438000,0
2013-10-21,sh.601628,13.7200,13.9800,13.6200,13.9400,13.7600,11918069,164445385.0000,3,0.057234,1,1.308100,0
2013-10-22,sh.601628,13.9100,13.9200,13.7200,13.7900,13.9400,9728211,134234704.0000,3,0.046717,1,-1.076000,0
2013-10-23,sh.601628,13.8000,14.0400,13.7000,13.7400,13.7900,12733342,176169748.0000,3,0.061149,1,-0.362600,0
2013-10-24,sh.601628,13.6600,13.7400,13.4700,13.5000,13.7400,12584137,170736313.0000,3,0.060432,1,-1.746700,0
2013-10-25,sh.601628,13.5400,13.6400,13.2900,13.4300,13.5000,12157264,163838543.0000,3,0.058382,1,-0.518500,0
2013-10-28,sh.601628,13.6500,13.6700,13.4900,13.5600,13.4300,10065017,136705221.0000,3,0.048335,1,0.968000,0
2013-10-29,sh.601628,13.5800,14.0600,13.5300,13.8500,13.5600,24929037,343412336.0000,3,0.119716,1,2.138600,0
2013-10-30,sh.601628,13.7500,14.0100,13.7000,13.9900,13.8500,18151389,252851069.0000,3,0.087168,1,1.010800,0
2013-10-31,sh.601628,13.9000,14.1900,13.8200,14.0200,13.9900,14171076,198330011.0000,3,0.068053,1,0.214400,0
2013-11-01,sh.601628,14.0100,14.3200,14.0100,14.2000,14.0200,16524652,234487754.0000,3,0.079356,1,1.283900,0
2013-11-04,sh.601628,14.3700,14.3700,14.0200,14.1000,14.2000,9149535,129415446.0000,3,0.043938,1,-0.704200,0
2013-11-05,sh.601628,14.0100,14.0800,13.7600,14.0000,14.1000,10862849,151008612.0000,3,0.052166,1,-0.709200,0
2013-11-06,sh.601628,13.9400,14.0400,13.7700,13.7900,14.0000,10155958,141427373.0000,3,0.048772,1,-1.500000,0
2013-11-07,sh.601628,13.8300,13.9200,13.5900,13.7600,13.7900,9038899,124376082.0000,3,0.043407,1,-0.217500,0
2013-11-08,sh.601628,13.7100,13.8500,13.5900,13.6800,13.7600,7933124,108635663.0000,3,0.038097,1,-0.581400,0
2013-11-11,sh.601628,13.6500,13.8400,13.6100,13.7500,13.6800,6910298,95007404.0000,3,0.033185,1,0.511700,0
2013-11-12,sh.601628,13.8200,14.0800,13.7900,14.0700,13.7500,14005200,196052566.0000,3,0.067257,1,2.327300,0
2013-11-13,sh.601628,13.9500,13.9900,13.7200,13.7300,14.0700,9761823,134952306.0000,3,0.046879,1,-2.416500,0
2013-11-14,sh.601628,13.7500,13.8500,13.7000,13.7400,13.7300,6043955,83296005.0000,3,0.029025,1,0.072800,0
2013-11-15,sh.601628,13.7400,14.3000,13.7400,14.0500,13.7400,21358902,301242656.0000,3,0.102571,1,2.256200,0
2013-11-18,sh.601628,14.2100,15.4600,14.1300,15.4600,14.0500,85136026,1271433840.0000,3,0.408845,1,10.035600,0
2013-11-19,sh.601628,15.5600,15.9600,15.4400,15.7200,15.4600,90326119,1416796928.0000,3,0.433769,1,1.681800,0
2013-11-20,sh.601628,15.8000,15.9500,15.4900,15.7700,15.7200,32985948,516917072.0000,3,0.158407,1,0.318100,0
2013-11-21,sh.601628,15.7000,15.7000,15.1900,15.4000,15.7700,38821902,597416000.0000,3,0.186433,1,-2.346200,0
2013-11-22,sh.601628,15.5200,15.8000,15.3400,15.3800,15.4000,29077928,451859440.0000,3,0.139640,1,-0.129900,0
2013-11-25,sh.601628,15.2500,15.9100,15.1500,15.4100,15.3800,36224466,563835408.0000,3,0.173959,1,0.195100,0
2013-11-26,sh.601628,15.3700,15.5700,15.3100,15.4700,15.4100,17881370,275980272.0000,3,0.085871,1,0.389400,0
2013-11-27,sh.601628,15.5500,15.9000,15.3200,15.7700,15.4700,36407139,570859584.0000,3,0.174837,1,1.939200,0
2013-11-28,sh.601628,15.7600,16.1200,15.6400,15.8100,15.7700,32036009,509945280.0000,3,0.153845,1,0.253600,0
2013-11-29,sh.601628,15.8500,15.8800,15.6500,15.7200,15.8100,15793256,248721169.0000,3,0.075843,1,-0.569300,0
2013-12-02,sh.601628,15.7200,16.4600,15.5500,16.3700,15.7200,57794389,930725248.0000,3,0.277544,1,4.134900,0
2013-12-03,sh.601628,16.2600,16.4200,15.9500,16.2300,16.3700,27907165,452360704.0000,3,0.134017,1,-0.855200,0
2013-12-04,sh.601628,16.1400,16.7200,16.1000,16.4200,16.2300,29507642,485428560.0000,3,0.141703,1,1.170700,0
2013-12-05,sh.601628,16.3800,16.5200,16.3000,16.3700,16.4200,14117946,231757505.0000,3,0.067798,1,-0.304500,0
2013-12-06,sh.601628,16.3600,16.4800,15.9600,16.2700,16.3700,26589596,428932688.0000,3,0.127690,1,-0.610900,0
2013-12-09,sh.601628,16.4900,16.8000,16.2400,16.4600,16.2700,23545562,388136096.0000,3,0.113072,1,1.167800,0
2013-12-10,sh.601628,16.3600,16.5300,16.2600,16.3000,16.4600,13673499,224385983.0000,3,0.065664,1,-0.972100,0
2013-12-11,sh.601628,16.2300,16.2300,15.4800,15.6600,16.3000,27885702,438170688.0000,3,0.133914,1,-3.926400,0
2013-12-12,sh.601628,15.5700,15.6600,15.2300,15.4200,15.6600,15501445,238915048.0000,3,0.074442,1,-1.532600,0
2013-12-13,sh.601628,15.2500,15.6300,15.1500,15.5400,15.4200,14133311,217643835.0000,3,0.067872,1,0.778200,0
2013-12-16,sh.601628,15.5300,15.5700,15.1800,15.1900,15.5400,10996706,168456995.0000,3,0.052809,1,-2.252300,0
2013-12-17,sh.601628,15.1900,15.2900,14.9200,15.1100,15.1900,12531277,189103909.0000,3,0.060178,1,-0.526700,0
2013-12-18,sh.601628,15.0600,15.1800,15.0400,15.1300,15.1100,9233783,139512347.0000,3,0.044343,1,0.132400,0
2013-12-19,sh.601628,15.2300,15.3000,14.8700,14.9700,15.1300,11543203,173938802.0000,3,0.055433,1,-1.057500,0
2013-12-20,sh.601628,14.8700,15.0000,14.3500,14.5100,14.9700,19039996,279570288.0000,3,0.091435,1,-3.072800,0
2013-12-23,sh.601628,14.4800,14.8300,14.3500,14.7000,14.5100,11156213,163539435.0000,3,0.053575,1,1.309400,0
2013-12-24,sh.601628,14.7200,14.8900,14.6400,14.7500,14.7000,8849950,130760028.0000,3,0.042500,1,0.340100,0
2013-12-25,sh.601628,14.7800,15.0200,14.6700,14.9500,14.7500,9697474,144470544.0000,3,0.046570,1,1.355900,0
2013-12-26,sh.601628,14.9300,14.9800,14.7100,14.8000,14.9500,7754880,115104090.0000,3,0.037241,1,-1.003300,0
2013-12-27,sh.601628,14.8700,15.2900,14.7000,15.1900,14.8000,16537023,250275928.0000,3,0.079415,1,2.635100,0
2013-12-30,sh.601628,15.2200,15.2600,14.9400,14.9800,15.1900,9738198,146726062.0000,3,0.046765,1,-1.382500,0
2013-12-31,sh.601628,14.9500,15.2500,14.8700,15.1300,14.9800,8209845,124089245.0000,3,0.039426,1,1.001300,0
2014-01-02,sh.601628,15.0800,15.1100,14.9000,14.9600,15.1300,7164730,107219501.0000,3,0.034407,1,-1.123600,0
2014-01-03,sh.601628,14.8600,14.8900,14.5300,14.5700,14.9600,11755981,171932872.0000,3,0.056455,1,-2.607000,0
2014-01-06,sh.601628,14.5100,14.8000,14.2900,14.7800,14.5700,16459519,238025370.0000,3,0.079043,1,1.441300,0
2014-01-07,sh.601628,14.6200,14.7600,14.4900,14.7400,14.7800,6751261,98781178.0000,3,0.032421,1,-0.270600,0
2014-01-08,sh.601628,14.7400,14.9400,14.5600,14.6900,14.7400,9608620,141543196.0000,3,0.046143,1,-0.339200,0
2014-01-09,sh.601628,14.6100,14.7900,14.3000,14.3100,14.6900,10585643,153222211.0000,3,0.050835,1,-2.586800,0
2014-01-10,sh.601628,14.2800,14.4700,14.2200,14.3000,14.3100,8446793,120923421.0000,3,0.040564,1,-0.069900,0
2014-01-13,sh.601628,14.3300,14.4600,14.0400,14.1700,14.3000,8327765,118296101.0000,3,0.039992,1,-0.909100,0
2014-01-14,sh.601628,14.1800,14.3300,14.0800,14.2400,14.1700,8627441,122531795.0000,3,0.041431,1,0.494000,0
2014-01-15,sh.601628,14.2200,14.2800,14.0900,14.2600,14.2400,6354171,90233226.0000,3,0.030514,1,0.140400,0
2014-01-16,sh.601628,14.2800,14.6500,14.2100,14.4000,14.2600,14273322,206475013.0000,3,0.068544,1,0.981800,0
2014-01-17,sh.601628,14.3200,14.6400,14.1400,14.6000,14.4000,25292684,365973856.0000,3,0.121462,1,1.388900,0
2014-01-20,sh.601628,14.4900,14.5200,14.2100,14.2200,14.6000,9421854,135411308.0000,3,0.045246,1,-2.602700,0
2014-01-21,sh.601628,14.2300,14.5000,14.2300,14.3000,14.2200,9255832,132804079.0000,3,0.044449,1,0.562600,0
2014-01-22,sh.601628,14.3300,14.6500,14.2100,14.6400,14.3000,11506969,167159719.0000,3,0.055259,1,2.377600,0
2014-01-23,sh.601628,14.6400,14.6400,14.4300,14.5100,14.6400,12869103,186519835.0000,3,0.061801,1,-0.888000,0
2014-01-24,sh.601628,14.4000,14.5500,14.3000,14.3500,14.5100,12283040,176975708.0000,3,0.058986,1,-1.102700,0
2014-01-27,sh.601628,14.2100,14.2200,13.7100,13.7600,14.3500,16579385,230879418.0000,3,0.079619,1,-4.111500,0
2014-01-28,sh.601628,13.8300,13.9400,13.7300,13.8200,13.7600,10455397,144629948.0000,3,0.050210,1,0.436000,0
2014-01-29,sh.601628,13.8600,13.9800,13.8500,13.8900,13.8200,11772919,163723651.0000,3,0.056537,1,0.506500,0
2014-01-30,sh.601628,13.8500,13.8500,13.6000,13.7200,13.8900,9172709,125782846.0000,3,0.044050,1,-1.223900,0
2014-02-07,sh.601628,13.5900,13.5900,13.3800,13.5700,13.7200,11576562,155894090.0000,3,0.055594,1,-1.093300,0
2014-02-10,sh.601628,13.6200,13.8800,13.5800,13.8500,13.5700,15085041,208317280.0000,3,0.072442,1,2.063400,0
2014-02-11,sh.601628,13.8400,14.1800,13.7600,14.0400,13.8500,21344891,298880944.0000,3,0.102504,1,1.371800,0
2014-02-12,sh.601628,14.0900,14.1400,13.9000,14.0100,14.0400,17175649,241125074.0000,3,0.082482,1,-0.213700,0
2014-02-13,sh.601628,13.9700,14.1200,13.8700,14.0200,14.0100,19111321,267039867.0000,3,0.091778,1,0.071400,0
2014-02-14,sh.601628,13.9700,14.0900,13.9500,14.0500,14.0200,11522160,161536670.0000,3,0.055332,1,0.214000,0
2014-02-17,sh.601628,14.2500,14.6500,14.1700,14.4900,14.0500,23846106,344044832.0000,3,0.114515,1,3.131700,0
2014-02-18,sh.601628,14.4100,14.4700,14.0200,14.1000,14.4900,21131309,299553776.0000,3,0.101478,1,-2.691500,0
2014-02-19,sh.601628,14.0900,14.6300,14.0500,14.4500,14.1000,19193906,275483312.0000,3,0.092174,1,2.482300,0
2014-02-20,sh.601628,14.5800,14.6300,14.1700,14.2000,14.4500,14168675,203628424.0000,3,0.068042,1,-1.730100,0
2014-02-21,sh.601628,14.2200,14.3400,14.1100,14.1600,14.2000,14806841,210076344.0000,3,0.071106,1,-0.281700,0
2014-02-24,sh.601628,14.1200,14.1200,13.7000,13.9100,14.1600,16512542,228737936.0000,3,0.079298,1,-1.765500,0
2014-02-25,sh.601628,13.8400,13.9800,13.6300,13.6800,13.9100,13740625,190009613.0000,3,0.065986,1,-1.653500,0
2014-02-26,sh.601628,13.6200,13.8300,13.6100,13.7500,13.6800,10585216,145196582.0000,3,0.050833,1,0.511700,0
2014-02-27,sh.601628,13.8400,13.9500,13.6400,13.8600,13.7500,15809586,218110973.0000,3,0.075922,1,0.800000,0
2014-02-28,sh.601628,13.8700,14.0300,13.6000,13.8500,13.8600,21299245,294049520.0000,3,0.102285,1,-0.072200,0
2014-03-03,sh.601628,13.7200,13.9200,13.6500,13.9100,13.8500,18019008,248615879.0000,3,0.086532,1,0.433200,0
2014-03-04,sh.601628,13.8300,14.0500,13.7700,14.0200,13.9100,15227076,211823970.0000,3,0.073124,1,0.790800,0
2014-03-05,sh.601628,14.0500,14.0900,13.6800,13.7000,14.0200,12393221,171885226.0000,3,0.059515,1,-2.282500,0
2014-03-06,sh.601628,13.7200,13.9700,13.5600,13.8900,13.7000,14088590,193672837.0000,3,0.067657,1,1.386900,0
2014-03-07,sh.601628,13.8100,13.9200,13.5700,13.6100,13.8900,16520263,226997533.0000,3,0.079335,1,-2.015800,0
2014-03-10,sh.601628,13.4900,13.4900,13.0400,13.1100,13.6100,16369450,216848870.0000,3,0.078610,1,-3.673800,0
2014-03-11,sh.601628,13.1000,13.1300,13.0000,13.0700,13.1100,10632555,138769156.0000,3,0.051060,1,-0.305100,0
2014-03-12,sh.601628,13.0800,13.2000,13.0300,13.1400,13.0700,8804593,115359933.0000,3,0.042282,1,0.535600,0
2014-03-13,sh.601628,13.1900,13.3600,13.1100,13.1800,13.1400,9856782,130415729.0000,3,0.047335,1,0.304400,0
2014-03-14,sh.601628,13.0800,13.1500,13.0300,13.0900,13.1800,7181971,93981309.0000,3,0.034490,1,-0.682900,0
2014-03-17,sh.601628,13.1600,13.4000,13.1000,13.3900,13.0900,10907557,144582077.0000,3,0.052381,1,2.291800,0
2014-03-18,sh.601628,13.3900,13.4000,13.2500,13.3500,13.3900,10121927,134885404.0000,3,0.048608,1,-0.298700,0
2014-03-19,sh.601628,13.3600,13.3600,13.0700,13.1800,13.3500,7432608,97690416.0000,3,0.035693,1,-1.273400,0
2014-03-20,sh.601628,13.1700,13.3300,13.1000,13.1100,13.1800,7725329,102147144.0000,3,0.037099,1,-0.531100,0
2014-03-21,sh.601628,13.1000,13.5000,13.0500,13.4700,13.1100,17207050,229111703.0000,3,0.082633,1,2.746000,0
2014-03-24,sh.601628,13.5000,13.7800,13.4500,13.6500,13.4700,15192082,206107825.0000,3,0.072956,1,1.336300,0
2014-03-25,sh.601628,13.5300,13.8000,13.5200,13.6000,13.6500,13201697,180343768.0000,3,0.063398,1,-0.366300,0
2014-03-26,sh.601628,13.6500,13.6700,13.5100,13.5300,13.6000,8953571,121613022.0000,3,0.042997,1,-0.514700,0
2014-03-27,sh.601628,13.5000,13.6100,13.3200,13.4300,13.5300,10223384,137515354.0000,3,0.049095,1,-0.739100,0
2014-03-28,sh.601628,13.4300,13.5400,13.3300,13.4600,13.4300,8513420,114450891.0000,3,0.040884,1,0.223400,0
2014-03-31,sh.601628,13.5400,13.5700,13.3800,13.4300,13.4600,6915125,92993469.0000,3,0.033208,1,-0.222900,0
2014-04-01,sh.601628,13.4500,13.5400,13.3700,13.4800,13.4300,8391027,113000567.0000,3,0.040296,1,0.372300,0
2014-04-02,sh.601628,13.4800,13.7500,13.4400,13.7400,13.4800,13461808,183337000.0000,3,0.064647,1,1.928800,0
2014-04-03,sh.601628,13.7400,13.8600,13.6400,13.7500,13.7400,14295353,196625902.0000,3,0.068650,1,0.072800,0
2014-04-04,sh.601628,13.6800,13.9100,13.6200,13.8000,13.7500,11044290,152289856.0000,3,0.053038,1,0.363600,0
2014-04-08,sh.601628,13.8000,14.3000,13.7400,14.1600,13.8000,20674714,291158000.0000,3,0.099285,1,2.608700,0
2014-04-09,sh.601628,14.1200,14.1700,14.0200,14.0700,14.1600,9098540,128096292.0000,3,0.043694,1,-0.635600,0
2014-04-10,sh.601628,14.0300,15.2600,13.9800,14.8100,14.0700,53496648,789147120.0000,3,0.256905,1,5.259400,0
2014-04-11,sh.601628,14.8600,15.0800,14.5900,14.7400,14.8100,22495895,333235408.0000,3,0.108031,1,-0.472700,0
2014-04-14,sh.601628,14.7400,14.8400,14.4400,14.5600,14.7400,14397937,209386357.0000,3,0.069143,1,-1.221200,0
2014-04-15,sh.601628,14.5000,14.5000,14.1600,14.2400,14.5600,11513018,164955811.0000,3,0.055289,1,-2.197800,0
2014-04-16,sh.601628,14.2000,14.4400,14.2000,14.2600,14.2400,8077015,115413951.0000,3,0.038788,1,0.140500,0
2014-04-17,sh.601628,14.2800,14.3800,14.1300,14.1700,14.2600,7908341,112496490.0000,3,0.037978,1,-0.631100,0
2014-04-18,sh.601628,14.1200,14.2800,13.9900,14.1800,14.1700,5860632,82850814.0000,3,0.028144,1,0.070600,0
2014-04-21,sh.601628,14.0800,14.3500,13.9200,13.9600,14.1800,6253631,88547824.0000,3,0.030032,1,-1.551500,0
2014-04-22,sh.601628,13.9700,14.0800,13.8900,14.0700,13.9600,6462294,90269290.0000,3,0.031034,1,0.788000,0
2014-04-23,sh.601628,14.0200,14.0600,13.8500,13.9500,14.0700,5457363,76111608.0000,3,0.026208,1,-0.852900,0
2014-04-24,sh.601628,13.9100,14.0400,13.8500,13.9100,13.9500,10496208,146123802.0000,3,0.050406,1,-0.286700,0
2014-04-25,sh.601628,13.9500,13.9700,13.8100,13.8300,13.9100,10505778,145949952.0000,3,0.050451,1,-0.575100,0
2014-04-28,sh.601628,13.6500,13.6500,13.2200,13.4400,13.8300,17965778,241158993.0000,3,0.086276,1,-2.820000,0
2014-04-29,sh.601628,13.4000,13.5600,13.3600,13.4900,13.4400,10613337,142725392.0000,3,0.050968,1,0.372000,0
2014-04-30,sh.601628,13.5100,13.6400,13.4300,13.6100,13.4900,11694952,158739521.0000,3,0.056162,1,0.889500,0
2014-05-05,sh.601628,13.5100,13.7700,13.4100,13.5400,13.6100,8871777,120305281.0000,3,0.042605,1,-0.514300,0
2014-05-06,sh.601628,13.5200,13.6800,13.4400,13.5100,13.5400,5387797,72899164.0000,3,0.025874,1,-0.221600,0
2014-05-07,sh.601628,13.5100,13.5300,13.4100,13.5000,13.5100,6411603,86291161.0000,3,0.030790,1,-0.074000,0
2014-05-08,sh.601628,13.4500,13.7200,13.4200,13.4500,13.5000,6961604,94398558.0000,3,0.033431,1,-0.370400,0
2014-05-09,sh.601628,13.5000,13.5600,13.4100,13.5100,13.4500,4422054,59560182.0000,3,0.021236,1,0.446100,0
2014-05-12,sh.601628,13.5900,13.8700,13.5400,13.8500,13.5100,11127326,153133617.0000,3,0.053436,1,2.516700,0
2014-05-13,sh.601628,13.8400,13.8700,13.6600,13.7100,13.8500,6700701,92223308.0000,3,0.032179,1,-1.010800,0
2014-05-14,sh.601628,13.6800,13.9400,13.6700,13.7900,13.7100,9419847,130075625.0000,3,0.045237,1,0.583500,0
2014-05-15,sh.601628,13.7900,13.8700,13.7000,13.7100,13.7900,8150145,112382708.0000,3,0.039139,1,-0.580100,0
2014-05-16,sh.601628,13.7900,13.7900,13.5300,13.6600,13.7100,5770515,78710537.0000,3,0.027712,1,-0.364700,0
2014-05-19,sh.601628,13.6300,13.6400,13.3500,13.4200,13.6600,8502594,114047109.0000,3,0.040832,1,-1.757000,0
2014-05-20,sh.601628,13.4900,13.5600,13.4800,13.5500,13.4200,5969565,80759506.0000,3,0.028667,1,0.968700,0
2014-05-21,sh.601628,13.5000,13.6700,13.4200,13.6700,13.5500,4821380,65494038.0000,3,0.023154,1,0.885600,0
2014-05-22,sh.601628,13.6500,13.8800,13.6100,13.6900,13.6700,11353237,156556652.0000,3,0.054521,1,0.146300,0
2014-05-23,sh.601628,13.7300,13.8200,13.7100,13.8000,13.6900,4704142,64784233.0000,3,0.022591,1,0.803500,0
2014-05-26,sh.601628,13.9200,13.9400,13.7100,13.7900,13.8000,4035053,55635557.0000,3,0.019377,1,-0.072500,0
2014-05-27,sh.601628,13.7800,13.8700,13.7500,13.7600,13.7900,3786358,52313091.0000,3,0.018183,1,-0.217500,0
2014-05-28,sh.601628,13.7700,13.9900,13.5500,13.9600,13.7600,8957697,124201833.0000,3,0.043017,1,1.453500,0
2014-05-29,sh.601628,13.9600,14.1000,13.9000,14.0400,13.9600,10980003,153860711.0000,3,0.052729,1,0.573100,0
2014-05-30,sh.601628,14.0200,14.1400,13.9000,14.0000,14.0400,10248717,143598765.0000,3,0.049217,1,-0.284900,0
2014-06-03,sh.601628,14.0000,14.1300,13.9600,14.0200,14.0000,6831501,96169551.0000,3,0.032807,1,0.142900,0
2014-06-04,sh.601628,14.0400,14.0400,13.8000,13.8800,14.0200,5333330,74048977.0000,3,0.025612,1,-0.998600,0
2014-06-05,sh.601628,13.8900,14.2400,13.7800,14.2100,13.8800,11095559,156265367.0000,3,0.053284,1,2.377500,0
2014-06-06,sh.601628,14.2100,14.2900,14.1200,14.1800,14.2100,8155529,115847957.0000,3,0.039165,1,-0.211100,0
2014-06-09,sh.601628,14.2100,14.5000,14.1000,14.2800,14.1800,12749001,183195856.0000,3,0.061224,1,0.705200,0
2014-06-10,sh.601628,14.3000,14.5500,14.2200,14.4600,14.2800,11474006,165587272.0000,3,0.055101,1,1.260500,0
2014-06-11,sh.601628,14.4600,14.4900,14.3700,14.3900,14.4600,5327306,76792388.0000,3,0.025583,1,-0.484100,0
2014-06-12,sh.601628,14.3900,14.4000,14.1900,14.2900,14.3900,6697772,95753396.0000,3,0.032164,1,-0.694900,0
2014-06-13,sh.601628,14.2600,14.5300,14.2200,14.4600,14.2900,8359741,120670959.0000,3,0.040146,1,1.189600,0
2014-06-16,sh.601628,14.4400,14.5900,14.4000,14.5500,14.4600,8364420,121393325.0000,3,0.040168,1,0.622400,0
2014-06-17,sh.601628,14.5000,14.5400,14.2000,14.2500,14.5500,7036180,100839988.0000,3,0.033790,1,-2.061900,0
2014-06-18,sh.601628,14.2500,14.3100,13.0000,14.0700,14.2500,8498652,120232983.0000,3,0.040813,1,-1.263200,0
2014-06-19,sh.601628,14.0500,14.1500,13.8500,13.8800,14.0700,6874545,96156290.0000,3,0.033013,1,-1.350400,0
2014-06-20,sh.601628,13.9000,14.1200,13.8800,14.0500,13.8800,4604486,64226709.0000,3,0.022112,1,1.224800,0
2014-06-23,sh.601628,14.0000,14.1500,13.8200,13.8500,14.0500,6902027,96484986.0000,3,0.033145,1,-1.423500,0
2014-06-24,sh.601628,13.9000,13.9600,13.8300,13.9000,13.8500,5491343,76294417.0000,3,0.026371,1,0.361000,0
2014-06-25,sh.601628,13.6900,13.6900,13.4800,13.5100,13.6000,5048264,68326585.0000,3,0.024243,1,-0.661800,0
2014-06-26,sh.601628,13.5100,13.6900,13.5100,13.6000,13.5100,3960034,53937911.0000,3,0.019017,1,0.666200,0
2014-06-27,sh.601628,13.6000,13.6100,13.4500,13.4900,13.6000,7716737,104349825.0000,3,0.037058,1,-0.808800,0
2014-06-30,sh.601628,13.5400,13.7100,13.5300,13.6100,13.4900,6159362,84018981.0000,3,0.029579,1,0.889500,0
2014-07-01,sh.601628,13.6800,13.6800,13.5800,13.6200,13.6100,5031898,68516134.0000,3,0.024164,1,0.073500,0
2014-07-02,sh.601628,13.6200,13.6900,13.5700,13.6700,13.6200,6349611,86570480.0000,3,0.030492,1,0.367100,0
2014-07-03,sh.601628,13.6600,13.7600,13.6300,13.6800,13.6700,9300120,127410588.0000,3,0.044662,1,0.073200,0
2014-07-04,sh.601628,13.6900,13.8700,13.6900,13.7600,13.6800,17352671,239386369.0000,3,0.083332,1,0.584800,0
2014-07-07,sh.601628,13.7100,13.9500,13.7100,13.9000,13.7600,9437720,130428689.0000,3,0.045322,1,1.017400,0
2014-07-08,sh.601628,13.8500,13.9500,13.7900,13.8800,13.9000,8798456,122016078.0000,3,0.042252,1,-0.143900,0
2014-07-09,sh.601628,13.8500,14.0000,13.6900,13.7100,13.8800,11198466,155248149.0000,3,0.053778,1,-1.224800,0
2014-07-10,sh.601628,13.7600,13.8100,13.5100,13.6600,13.7100,11054823,150667633.0000,3,0.053088,1,-0.364700,0
2014-07-11,sh.601628,13.6500,13.7100,13.6100,13.6700,13.6600,5701742,77914656.0000,3,0.027381,1,0.073200,0
2014-07-14,sh.601628,13.6700,13.8600,13.5800,13.8400,13.6700,10234142,140380403.0000,3,0.049147,1,1.243600,0
2014-07-15,sh.601628,13.8100,13.8600,13.7100,13.8200,13.8400,8995939,124032954.0000,3,0.043201,1,-0.144500,0
2014-07-16,sh.601628,13.8000,13.8400,13.7400,13.7800,13.8200,9550881,131768873.0000,3,0.045866,1,-0.289400,0
2014-07-17,sh.601628,13.7800,13.7800,13.5900,13.6700,13.7800,7919353,108281406.0000,3,0.038031,1,-0.798300,0
2014-07-18,sh.601628,13.6000,13.7600,13.6000,13.6700,13.6700,8574268,117200889.0000,3,0.041176,1,0.000000,0
2014-07-21,sh.601628,13.6900,13.7800,13.6500,13.7000,13.6700,7910690,108579453.0000,3,0.037989,1,0.219500,0
2014-07-22,sh.601628,13.6900,13.9200,13.6300,13.8900,13.7000,17275927,238508389.0000,3,0.082963,1,1.386900,0
2014-07-23,sh.601628,13.8900,14.1900,13.8700,14.1000,13.8900,17983758,252835338.0000,3,0.086363,1,1.511900,0
2014-07-24,sh.601628,14.1000,14.4000,14.0700,14.3600,14.1000,30168758,430590112.0000,3,0.144878,1,1.844000,0
2014-07-25,sh.601628,14.4200,14.4400,14.2000,14.4100,14.3600,26747724,383556336.0000,3,0.128450,1,0.348200,0
2014-07-28,sh.601628,14.4500,14.9200,14.4500,14.8400,14.4100,42697046,628158720.0000,3,0.205042,1,2.984000,0
2014-07-29,sh.601628,14.8000,15.0200,14.6800,14.9500,14.8400,26898519,399451104.0000,3,0.129174,1,0.741200,0
2014-07-30,sh.601628,14.8800,15.1700,14.8300,14.9600,14.9500,24917908,375299984.0000,3,0.119662,1,0.066900,0
2014-07-31,sh.601628,14.9100,15.1500,14.9000,15.1500,14.9600,16488592,248128628.0000,3,0.079183,1,1.270100,0
2014-08-01,sh.601628,15.1200,15.3000,15.0300,15.0700,15.1500,23892503,362978480.0000,3,0.114738,1,-0.528100,0
2014-08-04,sh.601628,15.0800,15.6400,14.9900,15.5600,15.0700,24413341,373989632.0000,3,0.117239,1,3.251500,0
2014-08-05,sh.601628,15.5700,15.5700,15.2300,15.3700,15.5600,13608777,209729145.0000,3,0.065353,1,-1.221100,0
2014-08-06,sh.601628,15.3000,15.3000,14.9900,15.1900,15.3700,17379456,262726419.0000,3,0.083461,1,-1.171100,0
2014-08-07,sh.601628,15.1700,15.2000,14.9400,14.9700,15.1900,13444250,202402065.0000,3,0.064563,1,-1.448300,0
2014-08-08,sh.601628,15.0000,15.0400,14.8600,14.9200,14.9700,10883910,162582878.0000,3,0.052267,1,-0.334000,0
2014-08-11,sh.601628,14.9900,15.3700,14.9900,15.2900,14.9200,18489545,280785872.0000,3,0.088792,1,2.479900,0
2014-08-12,sh.601628,15.2300,15.2700,15.0900,15.1500,15.2900,8589689,130229393.0000,3,0.041250,1,-0.915600,0
2014-08-13,sh.601628,15.1400,15.3600,15.0000,15.3500,15.1500,16281897,247292413.0000,3,0.078190,1,1.320100,0
2014-08-14,sh.601628,15.5500,15.5800,14.9800,15.0300,15.3500,21843048,333928224.0000,3,0.104896,1,-2.084700,0
2014-08-15,sh.601628,15.0600,15.4200,15.0500,15.3200,15.0300,15000186,229320600.0000,3,0.072035,1,1.929500,0
2014-08-18,sh.601628,15.3400,15.4200,15.2300,15.3700,15.3200,9903626,151782330.0000,3,0.047560,1,0.326400,0
2014-08-19,sh.601628,15.4000,15.4100,15.2300,15.3300,15.3700,12798311,196324666.0000,3,0.061461,1,-0.260200,0
2014-08-20,sh.601628,15.3000,15.3100,15.1200,15.1700,15.3300,8705483,132385748.0000,3,0.041806,1,-1.043700,0
2014-08-21,sh.601628,15.1700,15.1900,14.9000,15.0100,15.1700,10195539,153146941.0000,3,0.048962,1,-1.054700,0
2014-08-22,sh.601628,15.0000,15.1500,14.8900,15.0300,15.0100,11743465,176509829.0000,3,0.056395,1,0.133200,0
2014-08-25,sh.601628,15.0300,15.0800,14.8800,14.9200,15.0300,12198478,182756312.0000,3,0.058580,1,-0.731900,0
2014-08-26,sh.601628,14.8800,14.9400,14.7400,14.7700,14.9200,12290873,182142384.0000,3,0.059024,1,-1.005400,0
2014-08-27,sh.601628,14.7700,14.8700,14.7400,14.7900,14.7700,6574522,97296372.0000,3,0.031573,1,0.135400,0
2014-08-28,sh.601628,14.8500,15.0200,14.8300,14.8600,14.7900,12515255,187111650.0000,3,0.060102,1,0.473300,0
2014-08-29,sh.601628,14.9100,14.9900,14.8100,14.9600,14.8600,4593664,68435104.0000,3,0.022060,1,0.673000,0
2014-09-01,sh.601628,14.9900,15.0700,14.9100,15.0400,14.9600,7307494,109616052.0000,3,0.035092,1,0.534800,0
2014-09-02,sh.601628,15.0500,15.1800,14.9300,15.1600,15.0400,13361043,200850271.0000,3,0.064163,1,0.797900,0
2014-09-03,sh.601628,15.1600,15.4400,15.1400,15.3800,15.1600,16192700,248080636.0000,3,0.077762,1,1.451200,0
2014-09-04,sh.601628,15.3700,15.9300,15.3100,15.9100,15.3800,25688415,401547824.0000,3,0.123362,1,3.446000,0
2014-09-05,sh.601628,15.8800,16.1000,15.6900,15.9000,15.9100,21583494,343377744.0000,3,0.103650,1,-0.062900,0
2014-09-09,sh.601628,15.9500,16.2800,15.8500,15.8900,15.9000,29030973,466948368.0000,3,0.139414,1,-0.062900,0
2014-09-10,sh.601628,15.7000,15.8300,15.6000,15.7300,15.8900,14434841,226873532.0000,3,0.069320,1,-1.006900,0
2014-09-11,sh.601628,15.7300,16.0000,15.5300,15.5600,15.7300,16342403,257084419.0000,3,0.078480,1,-1.080700,0
2014-09-12,sh.601628,15.5600,15.7700,15.4800,15.6900,15.5600,14657337,229200700.0000,3,0.070388,1,0.835500,0
2014-09-15,sh.601628,15.6900,15.6900,15.5000,15.5600,15.6900,14325483,223089778.0000,3,0.068795,1,-0.828500,0
2014-09-16,sh.601628,15.6000,15.6800,15.2200,15.2900,15.5600,18093333,279779968.0000,3,0.086889,1,-1.735200,0
2014-09-17,sh.601628,15.3900,15.4900,15.2900,15.3900,15.2900,13254686,204258548.0000,3,0.063652,1,0.654000,0
2014-09-18,sh.601628,15.3600,15.5100,15.2800,15.4200,15.3900,8197930,126405794.0000,3,0.039369,1,0.194900,0
2014-09-19,sh.601628,15.4200,15.6000,15.3700,15.5600,15.4200,8254124,127902486.0000,3,0.039638,1,0.907900,0
2014-09-22,sh.601628,15.4600,15.5000,15.0500,15.1800,15.5600,14149406,215179033.0000,3,0.067949,1,-2.442200,0
2014-09-23,sh.601628,15.1300,15.3100,15.1200,15.2700,15.1800,7397501,112617859.0000,3,0.035525,1,0.592900,0
2014-09-24,sh.601628,15.1900,15.6200,15.1600,15.6100,15.2700,20346008,314518848.0000,3,0.097707,1,2.226600,0
2014-09-25,sh.601628,15.6800,15.7400,15.5500,15.6200,15.6100,15777397,246892208.0000,3,0.075767,1,0.064100,0
2014-09-26,sh.601628,15.5100,15.9300,15.5000,15.7600,15.6200,17083427,269203568.0000,3,0.082039,1,0.896300,0
2014-09-29,sh.601628,15.8100,15.8400,15.5100,15.6300,15.7600,15798558,246867028.0000,3,0.075869,1,-0.824900,0
2014-09-30,sh.601628,15.6500,15.6800,15.4900,15.5500,15.6300,17731326,275522160.0000,3,0.085150,1,-0.511800,0
2014-10-08,sh.601628,15.5500,15.6000,15.4500,15.5900,15.5500,16482873,256002802.0000,3,0.079155,1,0.257200,0
2014-10-09,sh.601628,15.6200,15.7500,15.5600,15.7000,15.5900,15082744,236201312.0000,3,0.072431,1,0.705600,0
2014-10-10,sh.601628,15.6000,15.6500,15.4500,15.5200,15.7000,14909700,231388642.0000,3,0.071600,1,-1.146500,0
2014-10-13,sh.601628,15.4600,15.4700,15.1500,15.2000,15.5200,14839865,226447972.0000,3,0.071265,1,-2.061900,0
2014-10-14,sh.601628,15.2000,15.3800,15.1700,15.2000,15.2000,9081753,138756039.0000,3,0.043613,1,0.000000,0
2014-10-15,sh.601628,15.2500,15.5300,15.2000,15.4400,15.2000,9246892,142161265.0000,3,0.044406,1,1.578900,0
2014-10-16,sh.601628,15.3400,15.5800,15.2900,15.3900,15.4400,12686629,195934144.0000,3,0.060924,1,-0.323800,0
2014-10-17,sh.601628,15.4300,15.4600,15.1200,15.2800,15.3900,12417801,189466159.0000,3,0.059634,1,-0.714800,0
2014-10-20,sh.601628,15.3400,15.4300,15.2400,15.2900,15.2800,13206958,202213310.0000,3,0.063423,1,0.065400,0
2014-10-21,sh.601628,15.2700,15.3600,15.1600,15.1800,15.2900,9513292,145028029.0000,3,0.045685,1,-0.719400,0
2014-10-22,sh.601628,15.2200,15.5800,15.0400,15.2700,15.1800,18729956,286379344.0000,3,0.089946,1,0.592900,0
2014-10-23,sh.601628,15.1800,15.4300,15.1100,15.1200,15.2700,13912567,212863471.0000,3,0.066812,1,-0.982300,0
2014-10-24,sh.601628,15.1500,15.3700,15.0400,15.2800,15.1200,12306801,187747267.0000,3,0.059100,1,1.058200,0
2014-10-27,sh.601628,15.1000,15.1300,14.7600,14.8400,15.2800,15823983,235474652.0000,3,0.075991,1,-2.879600,0
2014-10-28,sh.601628,14.8600,15.0700,14.8000,15.0400,14.8400,15895175,237159221.0000,3,0.076333,1,1.347700,0
2014-10-29,sh.601628,15.1400,15.4500,15.0500,15.4300,15.0400,21886876,334664432.0000,3,0.105106,1,2.593100,0
2014-10-30,sh.601628,15.4000,15.5000,15.2300,15.4300,15.4300,15587713,239574894.0000,3,0.074856,1,0.000000,0
2014-10-31,sh.601628,15.5500,16.2300,15.5000,16.1600,15.4300,46061064,731215840.0000,3,0.221197,1,4.731000,0
2014-11-03,sh.601628,16.1000,16.1500,15.8100,15.9500,16.1600,26658213,426023248.0000,3,0.128020,1,-1.299500,0
2014-11-04,sh.601628,15.8800,15.9200,15.7500,15.8400,15.9500,14145938,223832166.0000,3,0.067932,1,-0.689700,0
2014-11-05,sh.601628,15.8500,16.0000,15.7700,15.8900,15.8400,14062662,223538965.0000,3,0.067533,1,0.315700,0
2014-11-06,sh.601628,15.9500,15.9900,15.6000,15.7800,15.8900,11525468,181817366.0000,3,0.055348,1,-0.692300,0
2014-11-07,sh.601628,15.7800,16.3200,15.7500,15.8900,15.7800,39512460,634245296.0000,3,0.189749,1,0.697100,0
2014-11-10,sh.601628,16.3300,16.5600,16.1200,16.5300,15.8900,66088455,1086709392.0000,3,0.317374,1,4.027700,0
2014-11-11,sh.601628,16.5800,17.0800,16.3300,16.6200,16.5300,53301926,893862544.0000,3,0.255970,1,0.544500,0
2014-11-12,sh.601628,16.5200,16.8200,16.3800,16.7800,16.6200,27041383,450044112.0000,3,0.129860,1,0.962700,0
2014-11-13,sh.601628,16.9000,17.7200,16.9000,17.0100,16.7800,74106065,1277632144.0000,3,0.355877,1,1.370700,0
2014-11-14,sh.601628,17.0400,17.1600,16.6000,16.9800,17.0100,35834112,603807104.0000,3,0.172085,1,-0.176400,0
2014-11-17,sh.601628,17.5000,17.6200,16.4600,16.5200,16.9800,57055004,972711584.0000,3,0.273993,1,-2.709100,0
2014-11-18,sh.601628,16.5200,16.6200,16.1500,16.2400,16.5200,21123694,345669136.0000,3,0.101441,1,-1.694900,0
2014-11-19,sh.601628,16.2400,16.3600,16.1000,16.1600,16.2400,15172203,246513329.0000,3,0.072861,1,-0.492600,0
2014-11-20,sh.601628,16.1700,17.0900,16.1700,16.6700,16.1600,34772384,577783168.0000,3,0.166986,1,3.155900,0
2014-11-21,sh.601628,16.6100,17.4000,16.4900,17.2200,16.6700,50701322,863101520.0000,3,0.243481,1,3.299300,0
2014-11-24,sh.601628,17.8000,18.7400,17.7800,18.6100,17.2200,120149938,2196778912.0000,3,0.576991,1,8.072000,0
2014-11-25,sh.601628,18.4100,19.1500,18.3500,18.9000,18.6100,58350582,1099414064.0000,3,0.280215,1,1.558300,0
2014-11-26,sh.601628,18.7800,20.7900,18.7600,20.7600,18.9000,156918379,3119032624.0000,3,0.753563,1,9.841300,0
2014-11-27,sh.601628,21.1000,22.2500,20.9000,21.9800,20.7600,146482598,3168144224.0000,3,0.703447,1,5.876700,0
2014-11-28,sh.601628,21.7400,23.0100,21.3800,22.6000,21.9800,105042941,2339321024.0000,3,0.504443,1,2.820700,0
2014-12-01,sh.601628,22.7500,23.3000,21.5600,21.7900,22.6000,91447130,2042077232.0000,3,0.439153,1,-3.584100,0
2014-12-02,sh.601628,21.4800,23.9700,21.4100,23.5700,21.7900,109399016,2489453840.0000,3,0.525362,1,8.168900,0
2014-12-03,sh.601628,23.7000,24.6200,22.3000,23.1500,23.5700,141350092,3349847808.0000,3,0.678800,1,-1.781900,0
2014-12-04,sh.601628,23.1000,25.4400,22.5000,25.4000,23.1500,121876234,2916805984.0000,3,0.585281,1,9.719200,0
2014-12-05,sh.601628,25.3900,26.8000,24.5000,25.8200,25.4000,138726178,3570836224.0000,3,0.666199,1,1.653500,0
2014-12-08,sh.601628,25.0000,27.7700,24.4000,27.2800,25.8200,134327948,3589472752.0000,3,0.645078,1,5.654500,0
2014-12-09,sh.601628,26.0000,28.0400,24.5500,24.5500,27.2800,159540796,4202858704.0000,3,0.766156,1,-10.007300,0
2014-12-10,sh.601628,24.3000,25.2500,22.3100,24.1500,24.5500,120025366,2847467328.0000,3,0.576393,1,-1.629300,0
2014-12-11,sh.601628,23.1000,23.9000,22.5800,22.7900,24.1500,88274717,2046867760.0000,3,0.423918,1,-5.631500,0
2014-12-12,sh.601628,22.8800,23.9200,22.8800,23.1700,22.7900,76391486,1787411856.0000,3,0.366852,1,1.667400,0
2014-12-15,sh.601628,22.9000,23.5200,22.3900,23.3400,23.1700,51746978,1183446080.0000,3,0.248502,1,0.733700,0
2014-12-16,sh.601628,23.3500,25.2000,23.0800,25.0900,23.3400,142621758,3452270608.0000,3,0.684907,1,7.497900,0
2014-12-17,sh.601628,25.3300,26.0000,24.3400,25.4000,25.0900,144122059,3622491408.0000,3,0.692112,1,1.235500,0
2014-12-18,sh.601628,25.5500,26.3600,24.7600,25.5500,25.4000,102664315,2643853616.0000,3,0.493021,1,0.590500,0
2014-12-19,sh.601628,25.3800,25.9000,24.0100,25.0200,25.5500,70098012,1750514672.0000,3,0.336629,1,-2.074400,0
2014-12-22,sh.601628,24.9100,26.8800,24.9100,25.5600,25.0200,105976809,2750980496.0000,3,0.508928,1,2.158300,0
2014-12-23,sh.601628,25.1700,28.1200,24.7600,26.8400,25.5600,175827170,4756468736.0000,3,0.844368,1,5.007800,0
2014-12-24,sh.601628,27.2000,27.3700,24.7800,25.3400,26.8400,128519997,3320535056.0000,3,0.617186,1,-5.588700,0
2014-12-25,sh.601628,25.4100,27.8700,25.1800,27.8700,25.3400,157359379,4235764656.0000,3,0.755681,1,9.984200,0
2014-12-26,sh.601628,28.5600,30.6600,27.9500,30.6600,27.8700,184950703,5428837888.0000,3,0.888181,1,10.010800,0
2014-12-29,sh.601628,32.1700,33.7300,31.5700,33.7300,30.6600,206703963,6851220224.0000,3,0.992646,1,10.013000,0
2014-12-30,sh.601628,33.6000,34.3100,32.5000,34.0300,33.7300,161245848,5416343552.0000,3,0.774344,1,0.889400,0
2014-12-31,sh.601628,34.2000,34.5100,32.8000,34.1500,34.0300,128996934,4350502656.0000,3,0.619477,1,0.352600,0
2015-01-05,sh.601628,34.5000,35.9900,33.3000,34.0900,34.1500,170916843,5896111360.0000,3,0.820787,1,-0.175700,0
2015-01-06,sh.601628,33.0000,33.4400,31.0200,32.4000,34.0900,152768390,4951711488.0000,3,0.733633,1,-4.957500,0
2015-01-07,sh.601628,32.0500,34.2200,32.0300,33.0600,32.4000,103683223,3433854496.0000,3,0.497914,1,2.037000,0
2015-01-08,sh.601628,33.3500,33.9700,31.5700,31.9800,33.0600,85923765,2782686672.0000,3,0.412628,1,-3.266800,0
2015-01-09,sh.601628,31.9000,35.1800,31.5500,33.8800,31.9800,215652141,7339543552.0000,3,1.035618,1,5.941200,0
2015-01-12,sh.601628,33.3000,34.9300,32.4900,34.8200,33.8800,188371467,6344482560.0000,3,0.904609,1,2.774500,0
2015-01-13,sh.601628,34.5000,34.9500,33.4700,34.0900,34.8200,99453807,3402139680.0000,3,0.477603,1,-2.096500,0
2015-01-14,sh.601628,34.1600,34.2500,32.1000,32.9300,34.0900,97196319,3221527680.0000,3,0.466762,1,-3.402800,0
2015-01-15,sh.601628,33.3000,36.2200,32.8000,36.1900,32.9300,200039993,6988865536.0000,3,0.960644,1,9.899800,0
2015-01-16,sh.601628,36.1900,38.5200,35.5100,36.8000,36.1900,206909176,7682669312.0000,3,0.993632,1,1.685600,0
2015-01-19,sh.601628,33.1200,34.5500,33.1200,33.1200,36.8000,153825043,5187471616.0000,3,0.738708,1,-10.000000,0
2015-01-20,sh.601628,33.3000,34.5000,32.3200,34.4000,33.1200,193629126,6484152064.0000,3,0.929857,1,3.864700,0
2015-01-21,sh.601628,34.8000,37.8400,34.7000,37.8400,34.4000,185699461,6783552768.0000,3,0.891777,1,10.000000,0
2015-01-22,sh.601628,39.3000,40.1700,38.2300,39.2300,37.8400,205301966,8035353600.0000,3,0.985913,1,3.673400,0
2015-01-23,sh.601628,39.8000,42.2300,38.4000,40.2400,39.2300,237365504,9503758336.0000,3,1.139891,1,2.574600,0
2015-01-26,sh.601628,39.5800,40.3000,38.7000,39.6100,40.2400,115590170,4558080000.0000,3,0.555094,1,-1.565600,0
2015-01-27,sh.601628,40.1000,41.3300,37.7900,40.6300,39.6100,169131858,6743042048.0000,3,0.812215,1,2.575100,0
2015-01-28,sh.601628,39.5600,40.0000,38.7300,38.9000,40.6300,105098688,4125616160.0000,3,0.504711,1,-4.257900,0
2015-01-29,sh.601628,38.0000,38.3500,37.0500,38.0000,38.9000,109984336,4152197424.0000,3,0.528173,1,-2.313600,0
2015-01-30,sh.601628,37.7100,38.5000,36.0500,36.0800,38.0000,102844778,3795842880.0000,3,0.493887,1,-5.052600,0
2015-02-02,sh.601628,33.8000,35.0100,33.3000,33.6800,36.0800,117445587,4000872672.0000,3,0.564004,1,-6.651900,0
2015-02-03,sh.601628,34.3500,37.0500,33.6700,36.7200,33.6800,173165916,6108410624.0000,3,0.831588,1,9.026100,0
2015-02-04,sh.601628,36.6000,37.8800,35.7000,36.0900,36.7200,149843921,5501702912.0000,3,0.719589,1,-1.715700,0
2015-02-05,sh.601628,37.8900,37.9000,35.1800,35.2400,36.0900,162454023,5992826368.0000,3,0.780146,1,-2.355200,0
2015-02-06,sh.601628,34.7100,35.5000,33.7200,34.8200,35.2400,100725941,3495490096.0000,3,0.483712,1,-1.191800,0
2015-02-09,sh.601628,34.3200,37.5000,34.3200,36.8800,34.8200,146839128,5340883200.0000,3,0.705160,1,5.916100,0
2015-02-10,sh.601628,36.8200,37.4800,36.3800,37.3000,36.8800,119164713,4412464384.0000,3,0.572260,1,1.138800,0
2015-02-11,sh.601628,37.5000,38.7000,36.6600,38.3400,37.3000,120507602,4545128704.0000,3,0.578709,1,2.788200,0
2015-02-12,sh.601628,38.0000,39.3300,37.4100,38.7600,38.3400,104973338,4033025504.0000,3,0.504109,1,1.095500,0
2015-02-13,sh.601628,39.0000,39.4300,37.8600,38.1300,38.7600,119174769,4611751680.0000,3,0.572308,1,-1.625400,0
2015-02-16,sh.601628,38.2500,38.6000,37.2900,37.9400,38.1300,94748662,3590120160.0000,3,0.455008,1,-0.498300,0
2015-02-17,sh.601628,38.0000,39.0700,37.8800,38.3600,37.9400,100603294,3876550336.0000,3,0.483123,1,1.107000,0
2015-02-25,sh.601628,37.7000,37.7800,36.5000,36.6500,38.3600,86607676,3199449408.0000,3,0.415913,1,-4.457800,0
2015-02-26,sh.601628,36.5000,38.3400,35.3000,37.8800,36.6500,110280983,4080401520.0000,3,0.529598,1,3.356100,0
2015-02-27,sh.601628,37.7200,38.2400,37.2700,37.4600,37.8800,71513132,2697024576.0000,3,0.343425,1,-1.108800,0
2015-03-02,sh.601628,37.9900,38.1400,36.5000,37.2400,37.4600,98315769,3666371584.0000,3,0.472138,1,-0.587300,0
2015-03-03,sh.601628,36.7700,36.8000,35.4100,35.6100,37.2400,101165028,3649935392.0000,3,0.485821,1,-4.377000,0
2015-03-04,sh.601628,35.7000,36.1100,35.1500,35.6500,35.6100,71073897,2534276592.0000,3,0.341315,1,0.112300,0
2015-03-05,sh.601628,35.2000,35.8500,34.7000,35.1100,35.6500,74050191,2601737312.0000,3,0.355608,1,-1.514700,0
2015-03-06,sh.601628,35.1000,35.7500,34.8000,34.9200,35.1100,48544816,1709203296.0000,3,0.233125,1,-0.541200,0
2015-03-09,sh.601628,34.3000,36.2200,33.6700,35.9500,34.9200,100528649,3518945728.0000,3,0.482765,1,2.949600,0
2015-03-10,sh.601628,35.4000,35.7900,34.9100,35.1400,35.9500,57525821,2027232272.0000,3,0.276254,1,-2.253100,0
2015-03-11,sh.601628,35.3000,36.6000,35.2600,35.5400,35.1400,95638787,3436679136.0000,3,0.459282,1,1.138300,0
2015-03-12,sh.601628,36.0000,37.5000,35.7000,37.1200,35.5400,147241172,5413219328.0000,3,0.707090,1,4.445700,0
2015-03-13,sh.601628,37.2000,38.0000,36.3800,36.6700,37.1200,105877164,3928302144.0000,3,0.508450,1,-1.212300,0
2015-03-16,sh.601628,36.9100,38.0000,36.4000,37.7700,36.6700,123243503,4596850432.0000,3,0.591847,1,2.999700,0
2015-03-17,sh.601628,37.7700,37.8600,37.1000,37.5100,37.7700,102285982,3832420016.0000,3,0.491204,1,-0.688400,0
2015-03-18,sh.601628,37.5200,38.1000,37.3400,37.9900,37.5100,109945351,4141392208.0000,3,0.527986,1,1.279700,0
2015-03-19,sh.601628,37.7900,37.7900,36.8000,36.9300,37.9900,94786245,3521228656.0000,3,0.455188,1,-2.790200,0
2015-03-20,sh.601628,37.3000,39.0200,36.5200,37.7300,36.9300,159592061,6033631488.0000,3,0.766403,1,2.166300,0
2015-03-23,sh.601628,37.6000,38.8800,37.3000,38.4500,37.7300,143561325,5478076672.0000,3,0.689419,1,1.908300,0
2015-03-24,sh.601628,38.4500,38.4800,36.9600,37.4800,38.4500,114627337,4319224064.0000,3,0.550470,1,-2.522800,0
2015-03-25,sh.601628,37.4600,37.4600,36.0100,36.2600,37.4800,99723545,3647398464.0000,3,0.478898,1,-3.255100,0
2015-03-26,sh.601628,35.8300,37.4400,35.4500,36.4500,36.2600,101829239,3725398560.0000,3,0.489010,1,0.524000,0
2015-03-27,sh.601628,36.1900,36.9000,35.8000,36.2700,36.4500,56493363,2047842496.0000,3,0.271296,1,-0.493800,0
2015-03-30,sh.601628,36.5000,37.3800,35.9600,37.2500,36.2700,120796055,4459405056.0000,3,0.580094,1,2.702000,0
2015-03-31,sh.601628,37.8000,38.7600,36.9000,37.0500,37.2500,140245575,5310380032.0000,3,0.673496,1,-0.536900,0
2015-04-01,sh.601628,37.5800,38.4000,37.5000,37.8000,37.0500,103837692,3928357808.0000,3,0.498656,1,2.024300,0
2015-04-02,sh.601628,38.0700,38.2700,37.0000,37.5600,37.8000,87036816,3270392000.0000,3,0.417973,1,-0.634900,0
2015-04-03,sh.601628,37.1000,37.9900,37.0800,37.6100,37.5600,82863271,3112972400.0000,3,0.397931,1,0.133100,0
2015-04-07,sh.601628,37.9800,39.1500,37.4500,39.0800,37.6100,154954582,5899681792.0000,3,0.744132,1,3.908500,0
2015-04-08,sh.601628,39.1500,42.0000,38.5100,40.7600,39.0800,241588170,9719812608.0000,3,1.160169,1,4.298900,0
2015-04-09,sh.601628,40.9100,42.5000,39.7000,39.8500,40.7600,184800054,7571080960.0000,3,0.887458,1,-2.232600,0
2015-04-10,sh.601628,39.8000,41.6200,39.5500,41.1900,39.8500,130270060,5312656384.0000,3,0.625591,1,3.362600,0
2015-04-13,sh.601628,41.5000,41.8900,40.0800,40.9200,41.1900,116382270,4750353152.0000,3,0.558898,1,-0.655500,0
2015-04-14,sh.601628,40.7600,40.7600,38.8900,39.5200,40.9200,125008986,4945592832.0000,3,0.600326,1,-3.421300,0
2015-04-15,sh.601628,39.2000,40.2200,38.5000,38.5400,39.5200,97952878,3837346624.0000,3,0.470395,1,-2.479800,0
2015-04-16,sh.601628,38.2300,39.7900,37.8000,39.7200,38.5400,97770538,3827651872.0000,3,0.469520,1,3.061800,0
2015-04-17,sh.601628,40.3500,40.7700,38.9500,39.4500,39.7200,122580200,4865960960.0000,3,0.588662,1,-0.679800,0
2015-04-20,sh.601628,39.3000,39.3000,37.3000,37.4800,39.4500,129640121,4979092736.0000,3,0.622566,1,-4.993700,0
2015-04-21,sh.601628,37.5100,38.6500,37.0200,38.6200,37.4800,89553902,3406064080.0000,3,0.430061,1,3.041600,0
2015-04-22,sh.601628,38.6200,40.1600,38.4500,40.0000,38.6200,136657304,5364068352.0000,3,0.656264,1,3.573300,0
2015-04-23,sh.601628,40.1100,40.1200,38.6500,39.0600,40.0000,109618907,4313894912.0000,3,0.526418,1,-2.350000,0
2015-04-24,sh.601628,38.2500,38.5500,37.0100,37.7900,39.0600,117134735,4426077440.0000,3,0.562511,1,-3.251400,0
2015-04-27,sh.601628,37.9000,38.4900,37.6500,38.4000,37.7900,101536393,3866137280.0000,3,0.487604,1,1.614200,0
2015-04-28,sh.601628,38.4900,39.9700,37.4200,39.5900,38.4000,189062860,7361367040.0000,3,0.907929,1,3.099000,0
2015-04-29,sh.601628,39.3200,39.4900,38.0100,38.6500,39.5900,108138804,4181570608.0000,3,0.519311,1,-2.374300,0
2015-04-30,sh.601628,38.8500,39.2700,38.0000,38.0600,38.6500,94030695,3627505696.0000,3,0.451560,1,-1.526500,0
2015-05-04,sh.601628,38.0000,39.7900,37.4000,39.6200,38.0600,130719690,5055996160.0000,3,0.627750,1,4.098800,0
2015-05-05,sh.601628,39.7100,40.1000,38.5000,38.6300,39.6200,137185278,5384449280.0000,3,0.658799,1,-2.498700,0
2015-05-06,sh.601628,39.1700,42.4900,38.7200,40.9600,38.6300,345072448,14197294592.0000,3,1.657128,1,6.031600,0
2015-05-07,sh.601628,39.0000,40.4500,38.3700,38.5000,40.9600,176079284,6885735424.0000,3,0.845578,1,-6.005900,0
2015-05-08,sh.601628,38.9000,39.2000,37.6700,38.3400,38.5000,108420477,4131112768.0000,3,0.520663,1,-0.415600,0
2015-05-11,sh.601628,38.3600,40.1000,37.7500,39.2900,38.3400,154378725,6011453696.0000,3,0.741367,1,2.477800,0
2015-05-12,sh.601628,39.0000,39.9000,38.4500,39.1300,39.2900,115087751,4498165248.0000,3,0.552681,1,-0.407200,0
2015-05-13,sh.601628,39.1300,39.5500,38.3500,38.4200,39.1300,85347116,3308342368.0000,3,0.409859,1,-1.814500,0
2015-05-14,sh.601628,38.3200,39.2000,38.0600,38.3900,38.4200,78776768,3038411760.0000,3,0.378307,1,-0.078100,0
2015-05-15,sh.601628,38.0500,38.3000,36.8000,36.9300,38.3900,105622557,3965020400.0000,3,0.507227,1,-3.803100,0
2015-05-18,sh.601628,36.4000,36.4000,35.5000,35.6000,36.9300,84435677,3041208864.0000,3,0.405482,1,-3.601400,0
2015-05-19,sh.601628,35.4000,37.5000,35.2800,36.8900,35.6000,92684183,3403188576.0000,3,0.445094,1,3.623600,0
2015-05-20,sh.601628,37.0000,37.2000,36.1600,36.5900,36.8900,81693506,2996241808.0000,3,0.392313,1,-0.813200,0
2015-05-21,sh.601628,36.6000,37.1000,36.2800,36.6700,36.5900,53705744,1969905200.0000,3,0.257909,1,0.218600,0
2015-05-22,sh.601628,36.9500,37.7700,36.8200,37.6400,36.6700,91808445,3434645264.0000,3,0.440888,1,2.645200,0
2015-05-25,sh.601628,37.6400,38.8500,37.6400,38.7900,37.6400,110805102,4257845264.0000,3,0.532115,1,3.055300,0
2015-05-26,sh.601628,39.0200,39.3900,37.9500,38.7300,38.7900,102732658,3961941200.0000,3,0.493349,1,-0.154700,0
2015-05-27,sh.601628,38.8000,38.9900,38.1500,38.2600,38.7300,84847409,3261653520.0000,3,0.407459,1,-1.213500,0
2015-05-28,sh.601628,38.1000,38.3900,35.5000,35.7300,38.2600,106366365,3957271600.0000,3,0.510799,1,-6.612600,0
2015-05-29,sh.601628,35.9000,36.1200,34.8800,35.2600,35.7300,80743542,2864112832.0000,3,0.387751,1,-1.315400,0
2015-06-01,sh.601628,35.2700,36.8600,35.0200,36.4400,35.2600,75014626,2697444096.0000,3,0.360240,1,3.346600,0
2015-06-02,sh.601628,36.2000,36.4000,35.6800,36.1100,36.4400,69936383,2517034976.0000,3,0.335853,1,-0.905600,0
2015-06-03,sh.601628,36.1500,36.7800,35.8500,36.3100,36.1100,66326756,2403588608.0000,3,0.318518,1,0.553900,0
2015-06-04,sh.601628,36.2000,37.6600,35.3000,36.9400,36.3100,110044755,4032231968.0000,3,0.528463,1,1.735100,0
2015-06-05,sh.601628,37.4500,37.6000,36.0600,36.6000,36.9400,82573855,3033579584.0000,3,0.396541,1,-0.920400,0
2015-06-08,sh.601628,36.6200,38.8700,36.3200,38.4800,36.6000,176437246,6673865728.0000,3,0.847297,1,5.136600,0
2015-06-09,sh.601628,38.7000,38.7300,37.4100,37.8100,38.4800,101271513,3846854320.0000,3,0.486332,1,-1.741200,0
2015-06-10,sh.601628,37.6000,38.0200,37.3800,37.5500,37.8100,67746452,2554992256.0000,3,0.325336,1,-0.687700,0
2015-06-11,sh.601628,37.6300,38.2600,36.8000,37.7400,37.5500,81029804,3053886848.0000,3,0.389126,1,0.506000,0
2015-06-12,sh.601628,37.6000,37.6600,36.7000,36.8600,37.3400,58652102,2170895248.0000,3,0.281663,1,-1.285500,0
2015-06-15,sh.601628,36.9900,37.3000,35.5000,35.6200,36.8600,65001003,2348566288.0000,3,0.312152,1,-3.364100,0
2015-06-16,sh.601628,35.4000,36.0000,34.5100,34.9000,35.6200,64422407,2270760768.0000,3,0.309373,1,-2.021300,0
2015-06-17,sh.601628,34.9300,35.3000,34.4400,35.0700,34.9000,47186134,1645389248.0000,3,0.226600,1,0.487100,0
2015-06-18,sh.601628,34.5600,34.8500,32.9000,33.4300,35.0700,59422769,2022021872.0000,3,0.285364,1,-4.676400,0
2015-06-19,sh.601628,32.9300,33.4800,30.7000,31.0200,33.4300,64195536,2081266256.0000,3,0.308284,1,-7.209100,0
2015-06-23,sh.601628,31.0600,32.5600,30.7000,32.5000,31.0200,68723448,2168311168.0000,3,0.330028,1,4.771100,0
2015-06-24,sh.601628,32.1000,32.6900,31.7300,32.5300,32.5000,55621872,1796921632.0000,3,0.267111,1,0.092300,0
2015-06-25,sh.601628,32.6400,32.6900,30.8800,31.0200,32.5300,54632592,1742257824.0000,3,0.262360,1,-4.641900,0
2015-06-26,sh.601628,30.5000,31.4200,27.9200,28.7600,31.0200,83698981,2477778848.0000,3,0.401944,1,-7.285600,0
2015-06-29,sh.601628,29.3000,30.0600,25.9800,28.9600,28.7600,114659118,3286490064.0000,3,0.550623,1,0.695400,0
2015-06-30,sh.601628,29.6000,31.8000,28.8000,31.3200,28.9600,124080504,3766276816.0000,3,0.595867,1,8.149200,0
2015-07-01,sh.601628,30.8000,31.1800,29.2900,29.6700,31.3200,80655610,2455482288.0000,3,0.387329,1,-5.268200,0
2015-07-02,sh.601628,30.2600,30.2900,26.9400,28.2000,29.6700,86234989,2492607296.0000,3,0.414123,1,-4.954500,0
2015-07-03,sh.601628,28.9200,29.7900,26.1200,27.9100,28.2000,104125092,2946214256.0000,3,0.500036,1,-1.028400,0
2015-07-06,sh.601628,30.6500,30.7000,29.1400,30.7000,27.9100,253375984,7634534656.0000,3,1.216777,1,9.996400,0
2015-07-07,sh.601628,30.7000,33.7700,29.8000,33.7700,30.7000,197000486,6335789312.0000,3,0.946048,1,10.000000,0
2015-07-08,sh.601628,30.8000,35.0300,30.4900,34.3000,33.7700,312528480,10200483072.0000,3,1.500843,1,1.569400,0
2015-07-09,sh.601628,34.3000,36.9000,32.3000,35.6000,34.3000,161493182,5603708160.0000,3,0.775532,1,3.790100,0
2015-07-10,sh.601628,34.5000,38.1200,33.7800,36.0800,35.6000,189942820,6974069248.0000,3,0.912155,1,1.348300,0
2015-07-13,sh.601628,34.8800,36.0900,34.0000,34.0900,36.0800,122258083,4235960912.0000,3,0.587115,1,-5.515500,0
2015-07-14,sh.601628,33.0000,33.9800,32.2000,33.2000,34.0900,92806259,3066419664.0000,3,0.445680,1,-2.610700,0
2015-07-15,sh.601628,32.8000,33.9900,32.5100,33.7300,33.2000,84720299,2830903920.0000,3,0.406849,1,1.596400,0
2015-07-16,sh.601628,33.7300,33.9000,32.3300,32.7800,33.7300,65788906,2179778240.0000,3,0.315935,1,-2.816500,0
2015-07-17,sh.601628,32.7800,33.4500,32.1600,32.9800,32.7800,57815714,1895470464.0000,3,0.277646,1,0.610100,0
2015-07-20,sh.601628,32.6900,33.7400,32.3400,33.0200,32.9800,60961300,2010727808.0000,3,0.292752,1,0.121300,0
2015-07-21,sh.601628,32.7000,32.9700,32.2100,32.3800,33.0200,47982763,1559482240.0000,3,0.230426,1,-1.938200,0
2015-07-22,sh.601628,32.1000,32.3300,31.4200,31.4400,32.3800,48420532,1541104448.0000,3,0.232528,1,-2.903000,0
2015-07-23,sh.601628,31.5000,32.6000,31.4900,32.0800,31.4400,45896733,1476061824.0000,3,0.220408,1,2.035600,0
2015-07-24,sh.601628,31.9500,32.0000,31.0100,31.0500,32.0800,38078481,1203332144.0000,3,0.182863,1,-3.210700,0
2015-07-27,sh.601628,30.5900,30.8000,27.9500,27.9500,31.0500,46823191,1379125056.0000,3,0.224857,1,-9.983900,0
2015-07-28,sh.601628,27.3900,29.2900,27.1700,27.8300,27.9500,60994536,1724445488.0000,3,0.292912,1,-0.429300,0
2015-07-29,sh.601628,27.9300,28.5900,27.5400,28.3800,27.8300,40195226,1131334176.0000,3,0.193028,1,1.976300,0
2015-07-30,sh.601628,28.4200,29.3400,27.9100,27.9900,28.3800,38821132,1116052256.0000,3,0.186429,1,-1.374200,0
2015-07-31,sh.601628,27.7000,28.4500,27.4300,28.2400,27.9900,36857752,1034073968.0000,3,0.177000,1,0.893200,0
2015-08-03,sh.601628,28.0100,29.0600,27.7000,28.9800,28.2400,43737869,1248425104.0000,3,0.210041,1,2.620400,0
2015-08-04,sh.601628,28.8000,29.4300,28.5000,29.2100,28.9800,26470421,765502304.0000,3,0.127118,1,0.793600,0
2015-08-05,sh.601628,29.0100,29.0600,28.1600,28.1900,29.2100,20240187,579455760.0000,3,0.097199,1,-3.492000,0
2015-08-06,sh.601628,28.0000,28.5000,27.7500,27.8800,28.1900,14498577,406956096.0000,3,0.069626,1,-1.099700,0
2015-08-07,sh.601628,28.4700,28.6000,28.0500,28.1900,27.8800,19007288,538361152.0000,3,0.091278,1,1.111900,0
2015-08-10,sh.601628,28.1000,29.5000,27.9100,29.2800,28.1900,38605036,1114432816.0000,3,0.185391,1,3.866600,0
2015-08-11,sh.601628,29.1000,29.3100,28.7100,28.7900,29.2800,28460735,824233200.0000,3,0.136676,1,-1.673500,0
2015-08-12,sh.601628,28.4500,28.6600,28.0500,28.0800,28.7900,23514874,666095680.0000,3,0.112925,1,-2.466100,0
2015-08-13,sh.601628,28.0200,28.5900,27.9200,28.3200,28.0800,17856051,504255808.0000,3,0.085749,1,0.854700,0
2015-08-14,sh.601628,28.3900,28.3900,27.9000,28.0900,28.3200,22403058,629952448.0000,3,0.107585,1,-0.812100,0
2015-08-17,sh.601628,27.8100,27.8900,26.8100,27.1400,28.0900,34138031,929494416.0000,3,0.163940,1,-3.382000,0
2015-08-18,sh.601628,27.5000,27.8300,25.9600,26.0600,27.1400,35145139,951610368.0000,3,0.168776,1,-3.979400,0
2015-08-19,sh.601628,26.0500,26.4900,24.6800,26.0800,26.0600,35538146,913845600.0000,3,0.170663,1,0.076700,0
2015-08-20,sh.601628,25.5600,26.0000,25.0100,25.0800,26.0800,19011208,485737536.0000,3,0.091297,1,-3.834400,0
2015-08-21,sh.601628,24.9600,25.2900,23.4600,23.5100,25.0800,27185628,659908768.0000,3,0.130552,1,-6.260000,0
2015-08-24,sh.601628,22.6200,24.3900,21.1600,22.0300,23.5100,87555032,1964204032.0000,3,0.420462,1,-6.295200,0
2015-08-25,sh.601628,21.2800,23.6800,20.5100,21.3500,22.0300,72553512,1617305328.0000,3,0.348421,1,-3.086700,0
2015-08-26,sh.601628,21.7000,22.8700,21.0000,21.9500,21.3500,81253487,1782074256.0000,3,0.390200,1,2.810300,0
2015-08-27,sh.601628,22.6000,24.1500,21.7500,24.1500,21.9500,94234646,2161452848.0000,3,0.452539,1,10.022800,0
2015-08-28,sh.601628,24.3000,25.0500,23.9700,24.7800,24.1500,92775605,2278610000.0000,3,0.445533,1,2.608700,0
2015-08-31,sh.601628,24.3000,25.5000,23.4000,25.4400,24.7800,63500501,1554074176.0000,3,0.304946,1,2.663400,0
2015-09-01,sh.601628,24.6000,26.0600,24.0000,26.0500,25.4400,83836632,2133001888.0000,3,0.402605,1,2.397800,0
2015-09-02,sh.601628,24.6000,26.4400,24.5000,26.4300,26.0500,102231049,2650393776.0000,3,0.490940,1,1.458700,0
2015-09-07,sh.601628,25.9000,26.2800,24.5100,24.5300,26.4300,31744690,809301712.0000,3,0.152446,1,-7.188800,0
2015-09-08,sh.601628,24.3000,25.5800,24.1000,25.4600,24.5300,25788785,649907792.0000,3,0.123844,1,3.791300,0
2015-09-09,sh.601628,25.4800,25.8600,24.9800,25.5800,25.4600,29322307,744777520.0000,3,0.140813,1,0.471300,0
2015-09-10,sh.601628,25.2900,25.4800,25.0400,25.4000,25.5800,16288522,412032784.0000,3,0.078222,1,-0.703700,0
2015-09-11,sh.601628,25.1500,25.4900,24.8500,25.0400,25.4000,9399738,236416162.0000,3,0.045140,1,-1.417300,0
2015-09-14,sh.601628,25.0600,26.3000,24.0000,26.2600,25.0400,66376911,1705417664.0000,3,0.318759,1,4.872200,0
2015-09-15,sh.601628,25.6000,26.9600,25.5300,26.9200,26.2600,47276834,1252018512.0000,3,0.227036,1,2.513300,0
2015-09-16,sh.601628,26.4000,28.4000,26.1500,27.4300,26.9200,26499686,714082592.0000,3,0.127258,1,1.894500,0
2015-09-17,sh.601628,27.0000,28.0500,26.3600,26.4500,27.4300,19704055,533622704.0000,3,0.094624,1,-3.572700,0
2015-09-18,sh.601628,26.4600,26.9500,26.2600,26.2900,26.4500,10856658,288955744.0000,3,0.052136,1,-0.604900,0
2015-09-21,sh.601628,26.0000,26.4600,25.8600,26.2600,26.2900,10404555,271947296.0000,3,0.049965,1,-0.114100,0
2015-09-22,sh.601628,26.2600,27.3500,26.1200,27.0200,26.2600,15982211,431926336.0000,3,0.076751,1,2.894100,0
2015-09-23,sh.601628,26.8000,27.4900,26.3500,26.4700,27.0200,11391444,306324176.0000,3,0.054705,1,-2.035500,0
2015-09-24,sh.601628,26.4600,26.9400,26.1100,26.4300,26.4700,8840980,233203278.0000,3,0.042457,1,-0.151100,0
2015-09-25,sh.601628,26.4000,26.4500,25.8000,26.3900,26.4300,7094356,185847251.0000,3,0.034069,1,-0.151300,0
2015-09-28,sh.601628,26.2000,26.6800,25.7000,26.1400,26.3900,6710436,176310630.0000,3,0.032225,1,-0.947300,0
2015-09-29,sh.601628,25.8100,26.0900,25.4500,25.7200,26.1400,6897334,177156659.0000,3,0.033123,1,-1.606700,0
2015-09-30,sh.601628,26.0000,26.0000,25.5100,25.5300,25.7200,7518080,192922332.0000,3,0.036104,1,-0.738700,0
2015-10-08,sh.601628,26.6800,27.0500,25.5100,25.9000,25.5300,25011602,658696912.0000,3,0.120112,1,1.449300,0
2015-10-09,sh.601628,25.9000,26.5300,25.9000,26.4100,25.9000,12937171,340709072.0000,3,0.062128,1,1.969100,0
2015-10-12,sh.601628,26.4100,27.5400,26.2100,26.9000,26.4100,26368867,711304992.0000,3,0.126630,1,1.855400,0
2015-10-13,sh.601628,26.9000,27.0700,26.6800,26.8100,26.9000,8984730,241248815.0000,3,0.043147,1,-0.334600,0
2015-10-14,sh.601628,26.6100,26.6900,26.3700,26.4800,26.8100,10312065,273495760.0000,3,0.049521,1,-1.230900,0
2015-10-15,sh.601628,26.6400,26.8600,26.3700,26.8000,26.4800,13333613,355361408.0000,3,0.064031,1,1.208500,0
2015-10-16,sh.601628,26.8700,27.5000,26.8100,27.1500,26.8000,22266329,603652720.0000,3,0.106929,1,1.306000,0
2015-10-19,sh.601628,27.1000,27.8800,26.8700,27.3900,27.1500,26047619,715770352.0000,3,0.125087,1,0.884000,0
2015-10-20,sh.601628,27.2000,27.4600,26.8900,27.2800,27.3900,13863141,375200064.0000,3,0.066574,1,-0.401600,0
2015-10-21,sh.601628,27.3100,28.3000,26.8000,27.1800,27.2800,32210357,886162720.0000,3,0.154683,1,-0.366600,0
2015-10-22,sh.601628,26.6900,27.4300,26.6000,27.0900,27.1800,17638729,475177392.0000,3,0.084706,1,-0.331100,0
2015-10-23,sh.601628,27.1400,27.5700,26.8500,27.4200,27.0900,19229953,523564112.0000,3,0.092347,1,1.218200,0
2015-10-26,sh.601628,27.7700,28.2600,27.3800,27.5400,27.4200,24877661,692977536.0000,3,0.119469,1,0.437600,0
2015-10-27,sh.601628,27.4000,27.7400,26.9500,27.6100,27.5400,13110805,357683808.0000,3,0.062961,1,0.254200,0
2015-10-28,sh.601628,27.6100,27.7300,26.7900,26.8900,27.6100,12784668,347624896.0000,3,0.061395,1,-2.607800,0
2015-10-29,sh.601628,26.8900,26.9400,26.4100,26.5700,26.8900,21952363,583800256.0000,3,0.105421,1,-1.190000,0
2015-10-30,sh.601628,26.4500,26.9300,25.9000,26.4900,26.5700,17239856,454543520.0000,3,0.082790,1,-0.301100,0
2015-11-02,sh.601628,26.0100,26.2900,25.5900,25.6300,26.4900,12358407,321528848.0000,3,0.059348,1,-3.246500,0
2015-11-03,sh.601628,25.7700,26.1000,25.6200,25.7300,25.6300,7334267,189736710.0000,3,0.035221,1,0.390200,0
2015-11-04,sh.601628,25.7200,28.3000,25.7000,28.3000,25.7300,62437691,1723481984.0000,3,0.299842,1,9.988300,0
2015-11-05,sh.601628,27.8800,31.1300,27.7700,28.8300,28.3000,103713491,3052749472.0000,3,0.498059,1,1.872800,0
2015-11-06,sh.601628,28.5100,30.5500,28.2900,29.9500,28.8300,61276422,1806406208.0000,3,0.294265,1,3.884800,0
2015-11-09,sh.601628,29.5100,31.5000,29.3500,29.8500,29.9500,64010900,1946544192.0000,3,0.307397,1,-0.333900,0
2015-11-10,sh.601628,29.2900,30.8600,28.8000,29.3600,29.8500,39997718,1182082384.0000,3,0.192079,1,-1.641500,0
2015-11-11,sh.601628,29.1000,29.3500,28.4400,28.9900,29.3600,27553255,793862800.0000,3,0.132318,1,-1.260200,0
2015-11-12,sh.601628,29.0800,29.2500,28.1800,28.6000,28.9900,21121691,604624288.0000,3,0.101432,1,-1.345300,0
2015-11-13,sh.601628,28.5800,28.8000,28.1500,28.3000,28.6000,20393852,579847104.0000,3,0.097937,1,-1.049000,0
2015-11-16,sh.601628,27.7900,28.2000,27.7200,28.1400,28.3000,16849998,470717200.0000,3,0.080918,1,-0.565400,0
2015-11-17,sh.601628,28.3400,29.6000,28.2600,28.4300,28.1400,38438628,1112526032.0000,3,0.184592,1,1.030600,0
2015-11-18,sh.601628,28.4500,28.5000,27.8000,27.9100,28.4300,22260683,624323056.0000,3,0.106902,1,-1.829100,0
2015-11-19,sh.601628,28.0800,28.3500,27.8100,28.2700,27.9100,13954909,391316352.0000,3,0.067015,1,1.289900,0
2015-11-20,sh.601628,28.2000,28.4400,28.1000,28.2100,28.2700,14650459,414190528.0000,3,0.070355,1,-0.212200,0
2015-11-23,sh.601628,28.2100,28.5500,28.0200,28.1700,28.2100,13841102,390752448.0000,3,0.066469,1,-0.141800,0
2015-11-24,sh.601628,28.0100,28.3700,27.9200,28.1500,28.1700,13750109,385995264.0000,3,0.066032,1,-0.071000,0
2015-11-25,sh.601628,28.0800,28.3100,28.0100,28.1800,28.1500,11120248,313002304.0000,3,0.053402,1,0.106600,0
2015-11-26,sh.601628,28.3500,28.5900,28.0600,28.0800,28.1800,13698019,387355056.0000,3,0.065781,1,-0.354900,0
2015-11-27,sh.601628,28.0800,28.1000,26.1000,26.6000,28.0800,26157517,706661792.0000,3,0.125615,1,-5.270700,0
2015-11-30,sh.601628,26.5500,27.1000,25.8000,26.3100,26.6000,22490091,592895152.0000,3,0.108003,1,-1.090200,0
2015-12-01,sh.601628,26.3300,27.3000,26.1100,26.7200,26.3100,16425893,437400608.0000,3,0.078881,1,1.558300,0
2015-12-02,sh.601628,26.7000,29.3900,26.5100,29.3900,26.7200,65532939,1872908160.0000,3,0.314706,1,9.992500,0
2015-12-03,sh.601628,29.2800,30.6500,28.7100,29.6100,29.3900,63533129,1889433072.0000,3,0.305103,1,0.748600,0
2015-12-04,sh.601628,28.9300,29.3000,28.4400,28.4600,29.6100,27406482,785221280.0000,3,0.131613,1,-3.883800,0
2015-12-07,sh.601628,28.5200,28.6400,27.9000,28.0500,28.4600,17584193,495177776.0000,3,0.084444,1,-1.440600,0
2015-12-08,sh.601628,27.9000,28.0500,27.3200,27.8500,28.0500,18623314,515512848.0000,3,0.089434,1,-0.713000,0
2015-12-09,sh.601628,27.8700,28.6900,27.6500,28.1400,27.8500,15747349,444225408.0000,3,0.075623,1,1.041300,0
2015-12-10,sh.601628,28.1000,29.0000,27.6600,27.9600,28.1400,15006130,427426608.0000,3,0.072063,1,-0.639700,0
2015-12-11,sh.601628,27.9000,28.2500,27.2700,27.5400,27.9600,12761164,352490784.0000,3,0.061282,1,-1.502100,0
2015-12-14,sh.601628,27.3500,29.7700,27.1800,29.4600,27.5400,28169719,799187888.0000,3,0.135278,1,6.971700,0
2015-12-15,sh.601628,29.2900,29.2900,28.5600,28.6900,29.4600,18198218,525018912.0000,3,0.087393,1,-2.613700,0
2015-12-16,sh.601628,28.6900,28.9800,28.5000,28.5100,28.6900,12452247,357714720.0000,3,0.059799,1,-0.627400,0
2015-12-17,sh.601628,28.8100,29.3500,28.6000,28.8500,28.5100,18485687,535662544.0000,3,0.088773,1,1.192600,0
2015-12-18,sh.601628,28.6600,29.6800,28.5500,28.7800,28.8500,21752452,634113296.0000,3,0.104461,1,-0.242600,0
2015-12-21,sh.601628,28.6500,30.0900,28.5100,29.6700,28.7800,33530920,989535648.0000,3,0.161024,1,3.092400,0
2015-12-22,sh.601628,29.5200,29.8000,29.3100,29.6800,29.6700,16456553,486059296.0000,3,0.079029,1,0.033700,0
2015-12-23,sh.601628,29.6000,30.7500,29.5200,29.8000,29.6800,36062240,1090500592.0000,3,0.173180,1,0.404300,0
2015-12-24,sh.601628,29.8000,31.2000,29.8000,30.4200,29.8000,36610840,1117377120.0000,3,0.175815,1,2.080500,0
2015-12-25,sh.601628,29.8100,30.3000,29.5500,30.0500,30.4200,16928039,506849104.0000,3,0.081293,1,-1.216300,0
2015-12-28,sh.601628,30.1000,30.2500,28.9000,28.9400,30.0500,20010117,589410416.0000,3,0.096094,1,-3.693800,0
2015-12-29,sh.601628,28.8500,29.2000,28.6600,28.9900,28.9400,15359566,444019520.0000,3,0.073761,1,0.172800,0
2015-12-30,sh.601628,28.9500,29.0900,28.2800,28.5400,28.9900,17772263,506936240.0000,3,0.085347,1,-1.552300,0
2015-12-31,sh.601628,28.5800,28.8100,28.3000,28.3100,28.5400,12072145,344434848.0000,3,0.057974,1,-0.805900,0
2016-01-04,sh.601628,28.2900,28.2900,26.2200,26.2700,28.3100,14579915,397640240.0000,3,0.070017,1,-7.205900,0
2016-01-05,sh.601628,25.6000,27.0400,25.5600,26.8500,26.2700,20444044,543079872.0000,3,0.098178,1,2.207800,0
2016-01-06,sh.601628,26.5000,26.9500,26.3100,26.9200,26.8500,15200717,405216752.0000,3,0.072998,1,0.260700,0
2016-01-07,sh.601628,26.6000,26.6000,24.8800,25.0300,26.9200,3276865,84390357.0000,3,0.015736,1,-7.020800,0
2016-01-08,sh.601628,25.8100,26.3000,24.6300,25.4400,25.0300,20995405,536180864.0000,3,0.100825,1,1.638000,0
2016-01-11,sh.601628,24.7300,25.2500,23.3700,23.6400,25.4400,21057998,513625216.0000,3,0.101126,1,-7.075500,0
2016-01-12,sh.601628,23.9900,24.4500,23.5700,23.8300,23.6400,12430753,298423664.0000,3,0.059696,1,0.803700,0
2016-01-13,sh.601628,24.2900,24.2900,23.3000,23.3300,23.8300,10866722,259319387.0000,3,0.052185,1,-2.098200,0
2016-01-14,sh.601628,22.9000,23.8100,22.5300,23.7000,23.3300,11213835,262051500.0000,3,0.053852,1,1.585900,0
2016-01-15,sh.601628,23.5800,23.6300,22.6000,23.2500,23.7000,12198578,281456464.0000,3,0.058581,1,-1.898700,0
2016-01-18,sh.601628,22.7200,23.6400,22.7000,23.2300,23.2500,10643911,247291108.0000,3,0.051115,1,-0.086000,0
2016-01-19,sh.601628,23.4100,24.1500,23.0000,23.8900,23.2300,13138305,311108672.0000,3,0.063094,1,2.841200,0
2016-01-20,sh.601628,23.8800,23.8800,22.9000,23.0200,23.8900,20928347,486789088.0000,3,0.100503,1,-3.641700,0
2016-01-21,sh.601628,22.6500,23.3100,22.2900,22.3000,23.0200,15442985,350810560.0000,3,0.074161,1,-3.127700,0
2016-01-22,sh.601628,22.6300,22.6900,21.8600,22.2500,22.3000,14611978,324282704.0000,3,0.070171,1,-0.224200,0
2016-01-25,sh.601628,22.3200,22.4800,22.1000,22.2500,22.2500,9078768,202203693.0000,3,0.043599,1,0.000000,0
2016-01-26,sh.601628,22.0800,22.1800,20.6000,20.7600,22.2500,20849443,443842496.0000,3,0.100124,1,-6.696600,0
2016-01-27,sh.601628,20.7500,20.9400,19.7300,20.3200,20.7600,20214411,410464096.0000,3,0.097075,1,-2.119500,0
2016-01-28,sh.601628,20.2500,20.6000,19.8000,19.8500,20.3200,13445329,271000560.0000,3,0.064568,1,-2.313000,0
2016-01-29,sh.601628,19.9200,20.7200,19.8500,20.4400,19.8500,17731882,361398160.0000,3,0.085153,1,2.972300,0
2016-02-01,sh.601628,20.2500,20.4000,19.1800,19.8100,20.4400,26992139,530282832.0000,3,0.129623,1,-3.082200,0
2016-02-02,sh.601628,19.7000,20.2900,19.5200,20.0900,19.8100,18071317,361389232.0000,3,0.086783,1,1.413400,0
2016-02-03,sh.601628,19.7100,19.8800,19.3700,19.7400,20.0900,13282280,260227777.0000,3,0.063785,1,-1.742200,0
2016-02-04,sh.601628,19.8600,20.2100,19.7400,20.0000,19.7400,16649565,333429840.0000,3,0.079956,1,1.317100,0
2016-02-05,sh.601628,19.9000,20.1700,19.8600,19.8900,20.0000,13641982,273140768.0000,3,0.065512,1,-0.550000,0
2016-02-15,sh.601628,19.0300,19.8700,19.0300,19.6600,19.8900,11154945,218292357.0000,3,0.053569,1,-1.156400,0
2016-02-16,sh.601628,19.8000,20.6300,19.8000,20.4000,19.6600,16788960,340780768.0000,3,0.080625,1,3.764000,0
2016-02-17,sh.601628,20.3900,20.5600,20.2800,20.5300,20.4000,14750600,301380304.0000,3,0.070836,1,0.637300,0
2016-02-18,sh.601628,20.7300,20.9800,20.1800,20.2700,20.5300,19195858,395796976.0000,3,0.092183,1,-1.266400,0
2016-02-19,sh.601628,20.3000,20.3900,20.0900,20.1800,20.2700,8790552,177824469.0000,3,0.042215,1,-0.444000,0
2016-02-22,sh.601628,20.4900,22.2000,20.3000,22.2000,20.1800,48859183,1059466000.0000,3,0.234634,1,10.009900,0
2016-02-23,sh.601628,21.9900,22.1200,21.2300,21.6000,22.2000,30841416,668956416.0000,3,0.148108,1,-2.702700,0
2016-02-24,sh.601628,21.4200,22.1600,21.2100,22.1300,21.6000,24228967,525238944.0000,3,0.116354,1,2.453700,0
2016-02-25,sh.601628,21.9000,21.9400,20.0100,20.2600,22.1300,28091297,591128432.0000,3,0.134902,1,-8.450100,0
2016-02-26,sh.601628,20.5000,20.7100,20.0300,20.5500,20.2600,15967483,326719200.0000,3,0.076680,1,1.431400,0
2016-02-29,sh.601628,20.1800,20.3400,19.2400,19.8800,20.5500,22777719,449824112.0000,3,0.109385,1,-3.260300,0
2016-03-01,sh.601628,19.9800,21.3500,19.6800,20.6700,19.8800,23753109,483209344.0000,3,0.114069,1,3.973800,0
2016-03-02,sh.601628,20.8700,21.9600,20.6500,21.7500,20.6700,31451174,673908064.0000,3,0.151037,1,5.225000,0
2016-03-03,sh.601628,21.6000,22.2000,21.3300,22.1000,21.7500,31355751,686995040.0000,3,0.150578,1,1.609200,0
2016-03-04,sh.601628,21.9800,22.8500,21.5600,22.7100,22.1000,49547644,1105797456.0000,3,0.237941,1,2.760200,0
2016-03-07,sh.601628,22.5000,22.8600,22.1600,22.3600,22.7100,24506928,550136624.0000,3,0.117689,1,-1.541200,0
2016-03-08,sh.601628,22.2700,22.3000,21.2400,22.1900,22.3600,23938289,520906304.0000,3,0.114958,1,-0.760300,0
2016-03-09,sh.601628,21.6000,22.0500,21.4000,22.0100,22.1900,20018904,434838064.0000,3,0.096136,1,-0.811200,0
2016-03-10,sh.601628,21.7700,21.9500,21.3100,21.3800,22.0100,9556173,207046605.0000,3,0.045891,1,-2.862300,0
2016-03-11,sh.601628,21.2800,21.8800,21.1100,21.6500,21.3800,11969376,257596264.0000,3,0.057480,1,1.262900,0
2016-03-14,sh.601628,21.9300,22.5000,21.6700,21.9200,21.6500,17223796,381032608.0000,3,0.082713,1,1.247100,0
2016-03-15,sh.601628,21.8000,23.3800,21.4000,23.3100,21.9200,40667365,912052192.0000,3,0.195295,1,6.341200,0
2016-03-16,sh.601628,22.7700,23.5600,22.6100,23.2000,23.3100,32609813,754599088.0000,3,0.156601,1,-0.471900,0
2016-03-17,sh.601628,23.1000,23.3700,22.8000,23.1200,23.2000,17213254,397686032.0000,3,0.082663,1,-0.344800,0
2016-03-18,sh.601628,23.1700,23.8000,23.0200,23.1500,23.1200,27048035,630026176.0000,3,0.129892,1,0.129800,0
2016-03-21,sh.601628,23.4200,24.8200,23.2500,23.9700,23.1500,41963750,1013257104.0000,3,0.201521,1,3.542100,0
2016-03-22,sh.601628,23.8900,23.8900,23.3200,23.3900,23.9700,16983502,399008880.0000,3,0.081559,1,-2.419700,0
2016-03-23,sh.601628,23.7000,24.1500,23.5000,23.7700,23.3900,19737793,469974448.0000,3,0.094786,1,1.624600,0
2016-03-24,sh.601628,23.1900,23.4800,23.0000,23.3300,23.7700,13476344,313453888.0000,3,0.064717,1,-1.851100,0
2016-03-25,sh.601628,23.3300,24.3800,23.0000,23.8300,23.3300,23839169,567037008.0000,3,0.114482,1,2.143200,0
2016-03-28,sh.601628,23.8500,24.2200,23.2900,23.3900,23.8300,16302304,387520512.0000,3,0.078288,1,-1.846400,0
2016-03-29,sh.601628,23.4000,23.7600,23.2000,23.3700,23.3900,12471228,292726656.0000,3,0.059890,1,-0.085500,0
2016-03-30,sh.601628,23.5600,24.2000,23.5600,24.0900,23.3700,17212468,412713760.0000,3,0.082659,1,3.080900,0
2016-03-31,sh.601628,24.2000,24.2600,23.6700,23.8600,24.0900,12214974,292028176.0000,3,0.058659,1,-0.954800,0
2016-04-01,sh.601628,23.9800,24.1800,23.4500,23.9700,23.8600,14443799,344663792.0000,3,0.069363,1,0.461000,0
2016-04-05,sh.601628,23.5000,24.1500,23.4800,24.0400,23.9700,18505039,441159440.0000,3,0.088866,1,0.292000,0
2016-04-06,sh.601628,23.8800,23.9700,23.7200,23.7900,24.0400,8020986,191081760.0000,3,0.038519,1,-1.039900,0
2016-04-07,sh.601628,23.8000,23.9500,23.1000,23.3200,23.7900,14830200,347718144.0000,3,0.071218,1,-1.975600,0
2016-04-08,sh.601628,23.1400,23.3200,22.8000,22.9500,23.3200,10298375,237299388.0000,3,0.049455,1,-1.586600,0
2016-04-11,sh.601628,23.1600,23.5600,23.0100,23.2300,22.9500,12322511,287274624.0000,3,0.059176,1,1.220000,0
2016-04-12,sh.601628,23.2000,23.2900,22.9000,23.1200,23.2300,8090008,186701698.0000,3,0.038850,1,-0.473500,0
2016-04-13,sh.601628,23.3500,23.8500,23.3000,23.4600,23.1200,19211789,453981632.0000,3,0.092260,1,1.470600,0
2016-04-14,sh.601628,23.6900,23.9000,23.5900,23.6900,23.4600,12835987,304718288.0000,3,0.061642,1,0.980400,0
2016-04-15,sh.601628,23.6200,23.7800,23.3800,23.5200,23.6900,7313492,172106992.0000,3,0.035121,1,-0.717600,0
2016-04-18,sh.601628,23.3000,23.4500,23.1100,23.1700,23.5200,7334316,170479232.0000,3,0.035221,1,-1.488100,0
2016-04-19,sh.601628,23.2400,23.4400,22.9800,23.1200,23.1700,7913925,183039641.0000,3,0.038005,1,-0.215800,0
2016-04-20,sh.601628,23.2200,23.2800,22.2000,23.1200,23.1200,22046931,501529616.0000,3,0.105875,1,0.000000,0
2016-04-21,sh.601628,22.6000,22.9500,22.3700,22.4200,23.1200,10965538,247855110.0000,3,0.052659,1,-3.027700,0
2016-04-22,sh.601628,22.2000,22.6000,22.0000,22.2400,22.4200,10810502,240268764.0000,3,0.051915,1,-0.802900,0
2016-04-25,sh.601628,22.1500,22.1600,21.6000,21.9000,22.2400,8898859,194838655.0000,3,0.042735,1,-1.528800,0
2016-04-26,sh.601628,21.9000,22.2000,21.6900,22.0100,21.9000,8595289,188397609.0000,3,0.041277,1,0.502300,0
2016-04-27,sh.601628,21.9900,22.1000,21.8800,21.9500,22.0100,5697221,125252352.0000,3,0.027360,1,-0.272600,0
2016-04-28,sh.601628,21.9700,22.0300,21.6800,21.8000,21.9500,5722846,124952231.0000,3,0.027483,1,-0.683400,0
2016-04-29,sh.601628,21.7500,21.8600,21.6000,21.6900,21.8000,6653011,144380867.0000,3,0.031949,1,-0.504600,0
2016-05-03,sh.601628,21.6900,22.1500,21.6000,22.0800,21.6900,7846213,172649527.0000,3,0.037680,1,1.798100,0
2016-05-04,sh.601628,22.0000,22.0700,21.8900,22.0200,22.0800,6297684,138292833.0000,3,0.030243,1,-0.271700,0
2016-05-05,sh.601628,22.0000,22.1000,21.8800,21.9700,22.0200,4709471,103475179.0000,3,0.022616,1,-0.227100,0
2016-05-06,sh.601628,22.0000,22.0700,21.0700,21.1200,21.9700,10651008,229649687.0000,3,0.051149,1,-3.868900,0
2016-05-09,sh.601628,21.0500,21.0500,20.3500,20.4700,21.1200,9169345,189436063.0000,3,0.044034,1,-3.077700,0
2016-05-10,sh.601628,20.4600,20.5700,20.1700,20.2600,20.4700,7273317,148166396.0000,3,0.034928,1,-1.025900,0
2016-05-11,sh.601628,20.3600,20.8000,20.2300,20.5600,20.2600,9126792,187037744.0000,3,0.043829,1,1.480700,0
2016-05-12,sh.601628,20.3500,21.2800,20.1500,21.0500,20.5600,13169974,275164416.0000,3,0.063246,1,2.383300,0
2016-05-13,sh.601628,20.8500,21.0000,20.6000,20.7400,21.0500,6576258,136718594.0000,3,0.031581,1,-1.472700,0
2016-05-16,sh.601628,20.4800,20.7700,20.4500,20.6900,20.7400,7825937,160959843.0000,3,0.037582,1,-0.241100,0
2016-05-17,sh.601628,20.6500,20.8500,20.4900,20.7300,20.6900,6160356,127072438.0000,3,0.029584,1,0.193300,0
2016-05-18,sh.601628,20.5800,20.9000,20.3100,20.7600,20.7300,13465703,278184208.0000,3,0.064666,1,0.144700,0
2016-05-19,sh.601628,20.6300,20.8500,20.3500,20.5700,20.7600,7204963,148492162.0000,3,0.034600,1,-0.915200,0
2016-05-20,sh.601628,20.4100,20.6700,20.3600,20.6500,20.5700,4188826,86256638.0000,3,0.020116,1,0.388900,0
2016-05-23,sh.601628,20.6300,20.9100,20.6300,20.6800,20.6500,5080132,105452589.0000,3,0.024396,1,0.145300,0
2016-05-24,sh.601628,20.6800,20.7400,20.3900,20.5500,20.6800,3994236,81975450.0000,3,0.019181,1,-0.628600,0
2016-05-25,sh.601628,20.6800,20.7300,20.4600,20.4800,20.5500,3883859,79919402.0000,3,0.018651,1,-0.340600,0
2016-05-26,sh.601628,20.4700,20.7900,20.3500,20.7200,20.4800,7993577,164521504.0000,3,0.038387,1,1.171900,0
2016-05-27,sh.601628,20.7800,20.8000,20.5800,20.6100,20.7200,3911096,80872187.0000,3,0.018782,1,-0.530900,0
2016-05-30,sh.601628,20.7000,20.7900,20.5000,20.7500,20.6100,4964520,102595245.0000,3,0.023841,1,0.679300,0
2016-05-31,sh.601628,20.7300,21.9500,20.7000,21.6200,20.7500,17372094,375074720.0000,3,0.083425,1,4.192800,0
2016-06-01,sh.601628,21.6000,21.7300,21.4900,21.6000,21.6200,9462817,204242090.0000,3,0.045443,1,-0.092500,0
2016-06-02,sh.601628,21.6000,21.8300,21.4800,21.6000,21.6000,4913354,106202568.0000,3,0.023595,1,0.000000,0
2016-06-03,sh.601628,21.7100,21.7700,21.4500,21.6500,21.6000,6373217,137547419.0000,3,0.030606,1,0.231500,0
2016-06-06,sh.601628,21.6500,21.6500,21.2200,21.3800,21.6500,5022378,107539880.0000,3,0.024119,1,-1.247100,0
2016-06-07,sh.601628,21.5000,21.5300,21.2800,21.3900,21.3800,3747014,80178783.0000,3,0.017994,1,0.046800,0
2016-06-08,sh.601628,21.4000,21.7000,21.2700,21.4700,21.3900,7721688,165954687.0000,3,0.037082,1,0.374000,0
2016-06-13,sh.601628,21.2300,21.4000,20.6200,20.6800,21.4700,5882101,123890617.0000,3,0.028247,1,-3.679500,0
2016-06-14,sh.601628,20.6800,20.9700,20.6800,20.8300,20.6800,3931820,81836067.0000,3,0.018882,1,0.725300,0
2016-06-15,sh.601628,20.5400,21.1700,20.5400,20.9400,20.8300,6101915,127361825.0000,3,0.029303,1,0.528100,0
2016-06-16,sh.601628,20.8200,20.9000,20.6200,20.7900,20.9400,6816051,141136424.0000,3,0.032732,1,-0.716300,0
2016-06-17,sh.601628,20.4200,20.6900,20.3500,20.3900,20.3700,6396933,131007805.0000,3,0.030720,1,0.098200,0
2016-06-20,sh.601628,20.5300,20.5800,20.2200,20.4200,20.3900,3881736,79075241.0000,3,0.018641,1,0.147100,0
2016-06-21,sh.601628,20.4200,20.8800,20.3700,20.3900,20.4200,6603320,135949540.0000,3,0.031711,1,-0.146900,0
2016-06-22,sh.601628,20.3500,20.6100,20.2900,20.6000,20.3900,4474823,91842969.0000,3,0.021489,1,1.029900,0
2016-06-23,sh.601628,20.7000,20.7000,20.3700,20.5500,20.6000,5706189,117153659.0000,3,0.027403,1,-0.242700,0
2016-06-24,sh.601628,20.4500,21.0000,20.0800,20.7700,20.5500,11244694,229330333.0000,3,0.054000,1,1.070600,0
2016-06-27,sh.601628,20.4000,20.7100,20.3200,20.6500,20.7700,8259181,169972118.0000,3,0.039663,1,-0.577800,0
2016-06-28,sh.601628,20.5200,20.7900,20.4700,20.7100,20.6500,6834291,140815674.0000,3,0.032820,1,0.290600,0
2016-06-29,sh.601628,20.8000,21.1200,20.6700,20.9200,20.7100,12513393,261726444.0000,3,0.060093,1,1.014000,0
2016-06-30,sh.601628,20.8600,20.9500,20.7600,20.8200,20.9200,5800451,120934579.0000,3,0.027855,1,-0.478000,0
2016-07-01,sh.601628,20.8200,20.9200,20.7600,20.8300,20.8200,4896652,102059096.0000,3,0.023515,1,0.048000,0
2016-07-04,sh.601628,20.8000,21.5700,20.8000,21.3300,20.8300,18544655,394976912.0000,3,0.089056,1,2.400400,0
2016-07-05,sh.601628,21.3400,21.5400,21.2500,21.3300,21.3300,9160377,196076677.0000,3,0.043991,1,0.000000,0
2016-07-06,sh.601628,21.2000,21.3000,20.8900,21.2000,21.3300,11632832,245689006.0000,3,0.055864,1,-0.609500,0
2016-07-07,sh.601628,21.2200,21.6000,20.9500,21.3500,21.2000,7464507,157687909.0000,3,0.035847,1,0.707500,0
2016-07-08,sh.601628,21.2000,21.2300,21.0100,21.1500,21.3500,5104674,107784479.0000,3,0.024514,1,-0.936800,0
2016-07-11,sh.601628,21.1800,21.2800,21.0600,21.1200,21.1500,7518367,159233792.0000,3,0.036105,1,-0.141800,0
2016-07-12,sh.601628,21.0800,21.5800,21.0400,21.4200,21.1200,18905795,404488784.0000,3,0.090791,1,1.420500,0
2016-07-13,sh.601628,21.5000,21.9800,21.4300,21.6700,21.4200,19554789,425343888.0000,3,0.093907,1,1.167100,0
2016-07-14,sh.601628,21.6900,21.6900,21.5000,21.6000,21.6700,7226795,155728833.0000,3,0.034705,1,-0.323000,0
2016-07-15,sh.601628,21.6100,21.7100,21.4900,21.6900,21.6000,9052838,195412522.0000,3,0.043474,1,0.416700,0
2016-07-18,sh.601628,21.6000,21.8800,21.5100,21.6400,21.6900,8312505,180332332.0000,3,0.039919,1,-0.230500,0
2016-07-19,sh.601628,21.5600,21.6300,21.1800,21.3300,21.6400,8297307,177081758.0000,3,0.039846,1,-1.432500,0
2016-07-20,sh.601628,21.3000,21.3600,21.2100,21.2600,21.3300,3605105,76735368.0000,3,0.017313,1,-0.328200,0
2016-07-21,sh.601628,21.2500,21.5000,21.2300,21.3600,21.2600,5141322,110011772.0000,3,0.024690,1,0.470400,0
2016-07-22,sh.601628,21.3300,21.3900,21.0800,21.1500,21.3600,6169756,130736450.0000,3,0.029629,1,-0.983200,0
2016-07-25,sh.601628,21.1600,21.2500,21.0900,21.1200,21.1500,3363086,71185567.0000,3,0.016150,1,-0.141800,0
2016-07-26,sh.601628,21.1600,21.3200,21.1000,21.2500,21.1200,10173507,215564141.0000,3,0.048856,1,0.615500,0
2016-07-27,sh.601628,21.2000,21.4300,20.7000,21.4200,21.2500,20166928,425483376.0000,3,0.096847,1,0.800000,0
2016-07-28,sh.601628,21.2500,21.2600,21.0000,21.1300,21.4200,7719690,163216592.0000,3,0.037072,1,-1.353900,0
2016-07-29,sh.601628,21.1600,21.1700,20.9100,20.9400,21.1300,4287439,90180356.0000,3,0.020589,1,-0.899200,0
2016-08-01,sh.601628,20.8400,21.0600,20.7100,20.7400,20.9400,5338161,111203571.0000,3,0.025635,1,-0.955100,0
2016-08-02,sh.601628,20.8300,20.8500,20.7300,20.8000,20.7400,2492379,51808794.0000,3,0.011969,1,0.289300,0
2016-08-03,sh.601628,20.7800,20.7900,20.5800,20.6600,20.8000,5334133,110114640.0000,3,0.025616,1,-0.673100,0
2016-08-04,sh.601628,20.6100,20.6600,20.4600,20.6000,20.6600,5166249,106139659.0000,3,0.024810,1,-0.290400,0
2016-08-05,sh.601628,20.6100,20.7000,20.5000,20.5700,20.6000,6160116,126942774.0000,3,0.029582,1,-0.145600,0
2016-08-08,sh.601628,20.6300,20.8000,20.5600,20.7800,20.5700,4871330,100810982.0000,3,0.023393,1,1.020900,0
2016-08-09,sh.601628,20.7300,20.8500,20.6600,20.8300,20.7800,4754842,98807746.0000,3,0.022834,1,0.240600,0
2016-08-10,sh.601628,20.7800,20.8300,20.7100,20.7400,20.8300,4731798,98202885.0000,3,0.022723,1,-0.432100,0
2016-08-11,sh.601628,20.7600,21.6600,20.7600,21.0600,20.7400,18857769,399978656.0000,3,0.090560,1,1.542900,0
2016-08-12,sh.601628,20.9000,21.4700,20.8100,21.3800,21.0600,14442099,305992400.0000,3,0.069355,1,1.519500,0
2016-08-15,sh.601628,21.4000,23.1000,21.3000,22.4000,21.3800,38187371,847943648.0000,3,0.183386,1,4.770800,0
2016-08-16,sh.601628,22.4000,22.4600,21.9000,21.9800,22.4000,22162298,490216832.0000,3,0.106429,1,-1.875000,0
2016-08-17,sh.601628,22.0200,22.0800,21.7300,21.9200,21.9800,10004947,219208501.0000,3,0.048046,1,-0.273000,0
2016-08-18,sh.601628,21.9900,22.1800,21.9000,22.1000,21.9200,12217557,269273216.0000,3,0.058672,1,0.821200,0
2016-08-19,sh.601628,22.0600,22.0600,21.6200,21.7900,22.1000,8887694,193361280.0000,3,0.042681,1,-1.402700,0
2016-08-22,sh.601628,21.8000,21.8800,21.6000,21.6100,21.7900,6029855,130734478.0000,3,0.028957,1,-0.826100,0
2016-08-23,sh.601628,21.6200,22.1000,21.6200,21.7900,21.6100,6863301,150070879.0000,3,0.032959,1,0.832900,0
2016-08-24,sh.601628,21.6700,21.8500,21.4900,21.5800,21.7900,6997061,151167678.0000,3,0.033602,1,-0.963700,0
2016-08-25,sh.601628,21.4300,21.6500,21.3100,21.5400,21.5800,5544329,119079063.0000,3,0.026625,1,-0.185400,0
2016-08-26,sh.601628,21.5500,21.7700,21.5100,21.5600,21.5400,5802502,125638357.0000,3,0.027865,1,0.092800,0
2016-08-29,sh.601628,21.5200,21.5500,21.2900,21.3700,21.5600,8079652,172596935.0000,3,0.038801,1,-0.881300,0
2016-08-30,sh.601628,21.4400,21.6000,21.3200,21.4200,21.3700,10859001,232695042.0000,3,0.052148,1,0.234000,0
2016-08-31,sh.601628,21.4200,21.6300,21.3500,21.5900,21.4200,5997479,129040715.0000,3,0.028801,1,0.793700,0
2016-09-01,sh.601628,21.6000,21.8100,21.4600,21.7000,21.5900,10060669,217924864.0000,3,0.048314,1,0.509500,0
2016-09-02,sh.601628,21.5600,21.8200,21.4800,21.7800,21.7000,10378897,224898165.0000,3,0.049842,1,0.368700,0
2016-09-05,sh.601628,21.8500,21.9600,21.6500,21.7300,21.7800,6164926,134183379.0000,3,0.029606,1,-0.229574,0
2016-09-06,sh.601628,21.7700,21.9500,21.5100,21.8200,21.7300,6996421,151739542.0000,3,0.033599,1,0.414175,0
2016-09-07,sh.601628,21.8000,22.3500,21.7100,21.9300,21.8200,17174334,379333264.0000,3,0.082476,1,0.504127,0
2016-09-08,sh.601628,22.0000,22.0000,21.8400,21.8900,21.9300,5321031,116514631.0000,3,0.025553,1,-0.182403,0
2016-09-09,sh.601628,21.8600,22.1800,21.8600,22.0700,21.8900,11800230,260280398.0000,3,0.056668,1,0.822295,0
2016-09-12,sh.601628,21.6300,21.8300,21.3200,21.8000,22.0700,18031793,389704320.0000,3,0.086593,1,-1.223382,0
2016-09-13,sh.601628,21.6900,21.6900,21.4400,21.6500,21.8000,5461032,117758367.0000,3,0.026225,1,-0.688072,0
2016-09-14,sh.601628,21.5400,21.5800,21.3600,21.4300,21.6500,5229627,112230601.0000,3,0.025114,1,-1.016163,0
2016-09-19,sh.601628,21.4500,21.7200,21.4500,21.6600,21.4300,5989587,129569475.0000,3,0.028764,1,1.073260,0
2016-09-20,sh.601628,21.7100,21.7200,21.4700,21.5100,21.6600,4100221,88356433.0000,3,0.019690,1,-0.692519,0
2016-09-21,sh.601628,21.5000,21.6800,21.4200,21.5800,21.5100,4182936,90160171.0000,3,0.020088,1,0.325429,0
2016-09-22,sh.601628,21.7100,22.1900,21.6400,21.9000,21.5800,15154293,333083952.0000,3,0.072775,1,1.482853,0
2016-09-23,sh.601628,21.9000,22.0700,21.7600,21.8400,21.9000,4656765,101748458.0000,3,0.022363,1,-0.273970,0
2016-09-26,sh.601628,21.8200,21.8300,21.5200,21.5500,21.8400,6261744,135697076.0000,3,0.030071,1,-1.327843,0
2016-09-27,sh.601628,21.5100,21.6900,21.5000,21.6400,21.5500,5048926,108981113.0000,3,0.024246,1,0.417634,0
2016-09-28,sh.601628,21.6500,21.6500,21.3700,21.4800,21.6400,5327600,114457048.0000,3,0.025585,1,-0.739371,0
2016-09-29,sh.601628,21.5000,21.7000,21.4700,21.5200,21.4800,3901227,84101257.0000,3,0.018735,1,0.186224,0
2016-09-30,sh.601628,21.5700,21.5900,21.4000,21.4100,21.5200,4928615,105797508.0000,3,0.023668,1,-0.511155,0
2016-10-10,sh.601628,21.6500,21.8300,21.3500,21.7400,21.4100,6250687,135199160.0000,3,0.030017,1,1.541335,0
2016-10-11,sh.601628,21.7400,21.8600,21.6500,21.8100,21.7400,6285142,136930769.0000,3,0.030183,1,0.321986,0
2016-10-12,sh.601628,21.7400,21.8500,21.6500,21.8000,21.8100,4148443,90253923.0000,3,0.019922,1,-0.045852,0
2016-10-13,sh.601628,21.6400,21.8600,21.6400,21.6700,21.8000,5132121,111505375.0000,3,0.024646,1,-0.596326,0
2016-10-14,sh.601628,21.6600,21.7000,21.4500,21.5700,21.6700,4634928,99907910.0000,3,0.022258,1,-0.461469,0
2016-10-17,sh.601628,21.6000,21.6000,21.3400,21.3800,21.5700,4369000,93786132.0000,3,0.020981,1,-0.880856,0
2016-10-18,sh.601628,21.4500,21.6200,21.3500,21.6000,21.3800,6216320,133582547.0000,3,0.029852,1,1.029005,0
2016-10-19,sh.601628,21.5200,21.6200,21.2500,21.3800,21.6000,8554918,183157739.0000,3,0.041083,1,-1.018524,0
2016-10-20,sh.601628,21.3700,21.4400,21.3000,21.3100,21.3800,4657369,99410425.0000,3,0.022366,1,-0.327407,0
2016-10-21,sh.601628,21.3200,21.5800,21.3000,21.5100,21.3100,9457312,202783521.0000,3,0.045416,1,0.938530,0
2016-10-24,sh.601628,21.4800,22.0300,21.4400,21.8500,21.5100,16334390,356164016.0000,3,0.078442,1,1.580661,0
2016-10-25,sh.601628,21.8400,21.8500,21.6700,21.7400,21.8500,6290367,136686267.0000,3,0.030208,1,-0.503435,0
2016-10-26,sh.601628,21.7900,21.8200,21.6100,21.6500,21.7400,6154903,133331200.0000,3,0.029557,1,-0.413984,0
2016-10-27,sh.601628,21.6100,21.7300,21.4800,21.5800,21.6500,5100418,109987762.0000,3,0.024494,1,-0.323324,0
2016-10-28,sh.601628,21.5800,22.1800,21.5800,21.7800,21.5800,14993525,328333616.0000,3,0.072003,1,0.926788,0
2016-10-31,sh.601628,21.8000,21.9800,21.4900,21.8300,21.7800,6516918,141151315.0000,3,0.031296,1,0.229565,0
2016-11-01,sh.601628,21.8000,21.9500,21.7000,21.8800,21.8300,7443941,162779565.0000,3,0.035748,1,0.229039,0
2016-11-02,sh.601628,21.8700,21.8700,21.6000,21.6700,21.8800,6288514,136579424.0000,3,0.030199,1,-0.959777,0
2016-11-03,sh.601628,21.6200,22.1300,21.6100,21.9900,21.6700,14390094,315751840.0000,3,0.069105,1,1.476694,0
2016-11-04,sh.601628,21.9000,22.0400,21.8100,21.9500,21.9900,7522388,165014896.0000,3,0.036124,1,-0.181896,0
2016-11-07,sh.601628,21.9500,22.2800,21.8900,22.0700,21.9500,9685651,213683587.0000,3,0.046513,1,0.546692,0
2016-11-08,sh.601628,22.1000,22.3000,21.9800,22.1900,22.0700,9364617,207513267.0000,3,0.044971,1,0.543728,0
2016-11-09,sh.601628,22.1800,22.1800,21.6000,21.8000,22.1900,11949914,260989402.0000,3,0.057387,1,-1.757554,0
2016-11-10,sh.601628,21.9300,22.4200,21.9100,22.3100,21.8000,24001414,532857280.0000,3,0.115261,1,2.339451,0
2016-11-11,sh.601628,22.3500,22.8800,22.1600,22.6400,22.3100,29807823,673716128.0000,3,0.143145,1,1.479157,0
2016-11-14,sh.601628,22.5700,23.1900,22.5200,22.8200,22.6400,23246570,533316064.0000,3,0.111636,1,0.795054,0
2016-11-15,sh.601628,22.7900,23.2000,22.6500,22.8300,22.8200,13768861,314716736.0000,3,0.066122,1,0.043822,0
2016-11-16,sh.601628,22.8500,23.0800,22.8300,22.9800,22.8300,10630843,244194272.0000,3,0.051052,1,0.657029,0
2016-11-17,sh.601628,22.8300,22.8900,22.5700,22.8600,22.9800,9381830,213226530.0000,3,0.045054,1,-0.522189,0
2016-11-18,sh.601628,22.8500,23.0300,22.7200,22.9700,22.8600,10769227,246579543.0000,3,0.051717,1,0.481184,0
2016-11-21,sh.601628,23.1000,25.2700,23.0800,24.7600,22.9700,64739793,1611159232.0000,3,0.310897,1,7.792778,0
2016-11-22,sh.601628,24.6900,26.4700,24.5200,26.0900,24.7600,65651035,1675803008.0000,3,0.315273,1,5.371567,0
2016-11-23,sh.601628,26.0600,26.0800,25.4000,25.7800,26.0900,26946171,693368000.0000,3,0.129403,1,-1.188193,0
2016-11-24,sh.601628,25.7200,26.2600,25.4200,25.9400,25.7800,27727840,716010176.0000,3,0.133156,1,0.620636,0
2016-11-25,sh.601628,25.8100,25.9900,25.1700,25.8800,25.9400,24299281,622156976.0000,3,0.116691,1,-0.231308,0
2016-11-28,sh.601628,25.9200,26.2800,25.5100,25.9700,25.8800,27913601,721494800.0000,3,0.134048,1,0.347759,0
2016-11-29,sh.601628,25.8600,26.4600,25.6100,26.2200,25.9700,25786514,670248624.0000,3,0.123834,1,0.962649,0
2016-11-30,sh.601628,26.0900,26.9000,25.7000,25.7900,26.2200,33695758,883475696.0000,3,0.161816,1,-1.639964,0
2016-12-01,sh.601628,25.6200,26.1500,25.2300,25.4200,25.7900,20967848,536013536.0000,3,0.100693,1,-1.434668,0
2016-12-02,sh.601628,25.4000,25.4800,24.9000,25.1800,25.4200,19725787,495654160.0000,3,0.094728,1,-0.944138,0
2016-12-05,sh.601628,24.5000,25.0500,24.4200,24.8300,25.1800,20132365,497435792.0000,3,0.096681,1,-1.389994,0
2016-12-06,sh.601628,24.8000,24.8800,24.3600,24.4500,24.8300,8337364,205332552.0000,3,0.040038,1,-1.530403,0
2016-12-07,sh.601628,24.4000,25.1200,24.3200,25.0600,24.4500,14361794,355251648.0000,3,0.068969,1,2.494882,0
2016-12-08,sh.601628,24.9800,25.2300,24.7000,24.7400,25.0600,9930331,247829185.0000,3,0.047688,1,-1.276934,0
2016-12-09,sh.601628,24.6800,25.7800,24.5000,25.7600,24.7400,34220986,867534768.0000,3,0.164338,1,4.122880,0
2016-12-12,sh.601628,25.6000,26.1000,24.8900,25.4900,25.7600,27656378,704636736.0000,3,0.132813,1,-1.048138,0
2016-12-13,sh.601628,25.3800,25.3800,24.9100,25.1600,25.4900,10420368,261177501.0000,3,0.050041,1,-1.294625,0
2016-12-14,sh.601628,25.1000,25.5600,24.9100,25.3600,25.1600,14791862,373567088.0000,3,0.071034,1,0.794916,0
2016-12-15,sh.601628,25.1000,25.2000,23.8600,24.1100,25.3600,20545323,502417328.0000,3,0.098664,1,-4.929022,0
2016-12-16,sh.601628,23.9800,23.9800,23.5300,23.7800,24.1100,13410667,318526896.0000,3,0.064402,1,-1.368726,0
2016-12-19,sh.601628,23.7500,23.7800,23.3800,23.5900,23.7800,9518070,224130876.0000,3,0.045708,1,-0.798993,0
2016-12-20,sh.601628,23.5200,23.6600,23.3800,23.5900,23.5900,8222430,193365480.0000,3,0.039486,1,0.000000,0
2016-12-21,sh.601628,23.6500,24.1800,23.5900,23.9700,23.5900,9971532,238282887.0000,3,0.047886,1,1.610849,0
2016-12-22,sh.601628,23.9000,23.9400,23.6100,23.8300,23.9700,5394395,128338090.0000,3,0.025905,1,-0.584061,0
2016-12-23,sh.601628,23.7300,23.9300,23.5900,23.6100,23.8300,6538005,155395579.0000,3,0.031397,1,-0.923203,0
2016-12-26,sh.601628,23.3800,24.3900,23.3100,24.2300,23.6100,9860595,235836073.0000,3,0.047353,1,2.626001,0
2016-12-27,sh.601628,24.1500,24.3600,23.9700,23.9900,24.2300,5712403,137817252.0000,3,0.027432,1,-0.990507,0
2016-12-28,sh.601628,23.9800,24.0700,23.8000,23.8500,23.9900,5144639,123195807.0000,3,0.024706,1,-0.583574,0
2016-12-29,sh.601628,23.7600,24.1000,23.6500,23.8300,23.8500,4828729,115215713.0000,3,0.023189,1,-0.083859,0
2016-12-30,sh.601628,23.8300,24.4400,23.8300,24.0900,23.8300,10274444,248844392.0000,3,0.049341,1,1.091063,0
2017-01-03,sh.601628,24.1900,25.4300,24.1900,25.2500,24.0900,25847583,647483456.0000,3,0.124127,1,4.815275,0
2017-01-04,sh.601628,25.0000,25.4400,24.9700,25.3200,25.2500,12798319,322858032.0000,3,0.061461,1,0.277226,0
2017-01-05,sh.601628,25.2700,25.8500,25.1000,25.3800,25.3200,13200457,337354992.0000,3,0.063392,1,0.236965,0
2017-01-06,sh.601628,25.2900,25.4800,25.1100,25.1800,25.3800,10040013,253339050.0000,3,0.048215,1,-0.788018,0
2017-01-09,sh.601628,25.0500,25.9000,25.0300,25.5800,25.1800,14414169,369478560.0000,3,0.069221,1,1.588561,0
2017-01-10,sh.601628,25.5000,25.6000,24.9900,25.0200,25.5800,10097702,254052828.0000,3,0.048492,1,-2.189208,0
2017-01-11,sh.601628,25.0200,25.7700,24.9100,25.5100,25.0200,15354131,391149072.0000,3,0.073735,1,1.958432,0
2017-01-12,sh.601628,25.4200,25.7500,25.3200,25.3700,25.5100,9261719,236303156.0000,3,0.044477,1,-0.548802,0
2017-01-13,sh.601628,25.3100,26.4600,25.3100,25.7000,25.3700,24767527,642561280.0000,3,0.118940,1,1.300749,0
2017-01-16,sh.601628,25.5800,26.2300,25.0300,26.2000,25.7000,25986616,671369328.0000,3,0.124794,1,1.945525,0
2017-01-17,sh.601628,25.9000,26.3900,25.8500,26.1600,26.2000,12496199,326620944.0000,3,0.060010,1,-0.152675,0
2017-01-18,sh.601628,26.1900,26.5800,26.0200,26.1000,26.1600,14282702,375713696.0000,3,0.068589,1,-0.229356,0
2017-01-19,sh.601628,26.0000,26.1600,25.4000,25.6100,26.1000,12745035,328005216.0000,3,0.061205,1,-1.877394,0
2017-01-20,sh.601628,25.5900,25.8000,25.4700,25.5000,25.6100,10487278,268438848.0000,3,0.050363,1,-0.429522,0
2017-01-23,sh.601628,25.5000,25.7800,25.2600,25.7600,25.5000,11777699,300557744.0000,3,0.056560,1,1.019609,0
2017-01-24,sh.601628,25.6100,26.1500,25.5500,25.9900,25.7600,11010251,285072032.0000,3,0.052874,1,0.892855,0
2017-01-25,sh.601628,25.9000,25.9700,25.6400,25.8100,25.9900,7594950,195542617.0000,3,0.036473,1,-0.692575,0
2017-01-26,sh.601628,25.6200,26.0700,25.5600,25.7200,25.8100,10615344,274365520.0000,3,0.050978,1,-0.348703,0
2017-02-03,sh.601628,25.6700,25.7500,25.0200,25.1500,25.7200,10033770,253187522.0000,3,0.048185,1,-2.216173,0
2017-02-06,sh.601628,25.1600,26.0500,25.1600,26.0000,25.1500,21742154,559474240.0000,3,0.104411,1,3.379723,0
2017-02-07,sh.601628,26.0000,26.4600,25.8200,26.2400,26.0000,19555741,511393392.0000,3,0.093912,1,0.923076,0
2017-02-08,sh.601628,26.2100,26.6200,26.0900,26.4400,26.2400,16437999,434789568.0000,3,0.078940,1,0.762198,0
2017-02-09,sh.601628,26.3600,26.9300,26.2600,26.5000,26.4400,15992611,426101840.0000,3,0.076801,1,0.226927,0
2017-02-10,sh.601628,26.3900,26.7500,26.3200,26.4000,26.5000,10901548,288472896.0000,3,0.052352,1,-0.377360,0
2017-02-13,sh.601628,26.3700,27.3000,26.3700,26.8600,26.4000,18298396,493872672.0000,3,0.087874,1,1.742428,0
2017-02-14,sh.601628,26.8600,26.9100,26.3800,26.5700,26.8600,15007962,398087424.0000,3,0.072072,1,-1.079676,0
2017-02-15,sh.601628,26.5000,26.8500,26.3600,26.5800,26.5700,12052148,320613824.0000,3,0.057878,1,0.037637,0
2017-02-16,sh.601628,26.5500,26.7000,26.2900,26.4900,26.5800,8302203,219137606.0000,3,0.039869,1,-0.338601,0
2017-02-17,sh.601628,26.4500,27.2800,26.4100,26.5700,26.4900,13589459,364631040.0000,3,0.065260,1,0.302001,0
2017-02-20,sh.601628,26.4100,26.7300,26.2500,26.4700,26.5700,18919655,499688880.0000,3,0.090857,1,-0.376366,0
2017-02-21,sh.601628,26.4700,27.0700,26.3400,26.6900,26.4700,16608550,444326672.0000,3,0.079759,1,0.831134,0
2017-02-22,sh.601628,26.6000,26.8000,26.5200,26.6400,26.6900,7849432,209192252.0000,3,0.037695,1,-0.187340,0
2017-02-23,sh.601628,26.6400,26.8300,26.1700,26.3800,26.6400,10155211,268250105.0000,3,0.048768,1,-0.975977,0
2017-02-24,sh.601628,26.3800,26.4800,25.9700,26.1200,26.3800,10089317,263402461.0000,3,0.048452,1,-0.985589,0
2017-02-27,sh.601628,25.9700,25.9700,25.5600,25.5900,26.1200,12433641,319986944.0000,3,0.059710,1,-2.029099,0
2017-02-28,sh.601628,25.5600,25.7600,25.5000,25.6700,25.5900,7244630,185698422.0000,3,0.034791,1,0.312622,0
2017-03-01,sh.601628,25.6500,25.8000,25.5000,25.5500,25.6700,8457482,216656662.0000,3,0.040615,1,-0.467475,0
2017-03-02,sh.601628,25.5400,25.8100,25.2500,25.2700,25.5500,12853383,328664416.0000,3,0.061725,1,-1.095886,0
2017-03-03,sh.601628,25.1400,25.3700,25.0800,25.2900,25.2700,7515531,189486840.0000,3,0.036092,1,0.079147,0
2017-03-06,sh.601628,25.2900,25.3600,25.1100,25.2800,25.2900,5870282,148114563.0000,3,0.028191,1,-0.039542,0
2017-03-07,sh.601628,25.3100,25.7800,25.1800,25.7200,25.2800,13644153,348317040.0000,3,0.065523,1,1.740501,0
2017-03-08,sh.601628,25.7200,25.8200,25.5800,25.7100,25.7200,9362524,240779976.0000,3,0.044961,1,-0.038881,0
2017-03-09,sh.601628,25.6700,25.6700,25.1600,25.2800,25.7100,8906887,226120156.0000,3,0.042773,1,-1.672495,0
2017-03-10,sh.601628,25.2600,25.2700,24.7900,24.9000,25.2800,11563071,288416960.0000,3,0.055529,1,-1.503169,0
2017-03-13,sh.601628,24.8700,25.1500,24.8700,25.1400,24.9000,8488948,212384528.0000,3,0.040766,1,0.963854,0
2017-03-14,sh.601628,25.0100,25.2200,25.0100,25.1500,25.1400,6949758,174536976.0000,3,0.033375,1,0.039778,0
2017-03-15,sh.601628,25.0600,25.2200,24.8700,24.9600,25.1500,5562789,139316937.0000,3,0.026714,1,-0.755469,0
2017-03-16,sh.601628,25.0900,25.6000,25.0600,25.5700,24.9600,13042142,331993104.0000,3,0.062632,1,2.443913,0
2017-03-17,sh.601628,25.5800,25.6800,25.4600,25.5700,25.5700,10721699,274114768.0000,3,0.051488,1,0.000000,0
2017-03-20,sh.601628,25.6000,25.7000,25.2500,25.4800,25.5700,6512284,165607112.0000,3,0.031274,1,-0.351976,0
2017-03-21,sh.601628,25.4500,25.6600,24.9500,25.1700,25.4800,12515721,316183648.0000,3,0.060104,1,-1.216638,0
2017-03-22,sh.601628,25.0600,25.0800,24.2600,24.4300,25.1700,15809809,388349968.0000,3,0.075923,1,-2.940007,0
2017-03-23,sh.601628,24.4300,24.9200,24.4300,24.5700,24.4300,11730709,289584048.0000,3,0.056334,1,0.573063,0
2017-03-24,sh.601628,24.5800,24.9100,24.4500,24.9000,24.5700,8483777,209695077.0000,3,0.040741,1,1.343101,0
2017-03-27,sh.601628,24.8800,25.3200,24.6100,25.0900,24.9000,10006679,251233362.0000,3,0.048055,1,0.763054,0
2017-03-28,sh.601628,25.0900,25.2500,24.9700,25.0600,25.0900,4716163,118386957.0000,3,0.022648,1,-0.119572,0
2017-03-29,sh.601628,25.1000,25.2000,24.8200,24.8700,25.0600,6432769,160721477.0000,3,0.030892,1,-0.758175,0
2017-03-30,sh.601628,24.9000,25.1400,24.6500,24.8000,24.8700,8455616,210666782.0000,3,0.040606,1,-0.281470,0
2017-03-31,sh.601628,24.8800,25.3600,24.7000,25.3000,24.8000,8713777,219187907.0000,3,0.041846,1,2.016129,0
2017-04-05,sh.601628,25.2800,25.2900,24.7800,25.2600,25.3000,10490700,262778442.0000,3,0.050379,1,-0.158099,0
2017-04-06,sh.601628,25.2100,25.2100,24.9100,25.0600,25.2600,6926233,173555500.0000,3,0.033262,1,-0.791769,0
2017-04-07,sh.601628,25.0300,25.1400,24.9200,25.0500,25.0600,6129196,153317187.0000,3,0.029434,1,-0.039905,0
2017-04-10,sh.601628,24.8600,25.3400,24.8000,24.9000,25.0500,9199890,230584372.0000,3,0.044180,1,-0.598801,0
2017-04-11,sh.601628,24.8800,25.0000,24.4000,24.7900,24.9000,8589387,211461909.0000,3,0.041248,1,-0.441762,0
2017-04-12,sh.601628,24.6800,25.0700,24.6300,24.8600,24.7900,9133679,227682769.0000,3,0.043862,1,0.282371,0
2017-04-13,sh.601628,24.8800,25.0900,24.8400,24.9700,24.8600,4759401,118851288.0000,3,0.022856,1,0.442473,0
2017-04-14,sh.601628,24.9500,24.9700,24.4000,24.5100,24.9700,5978501,147419210.0000,3,0.028710,1,-1.842207,0
2017-04-17,sh.601628,24.4800,24.6400,24.3100,24.6200,24.5100,5111936,125202260.0000,3,0.024549,1,0.448799,0
2017-04-18,sh.601628,24.5900,24.5900,24.0000,24.0500,24.6200,7047347,170657520.0000,3,0.033843,1,-2.315197,0
2017-04-19,sh.601628,24.0000,24.1500,23.7500,23.8300,24.0500,5217876,124837821.0000,3,0.025058,1,-0.914758,0
2017-04-20,sh.601628,23.8600,23.9100,23.5000,23.8100,23.8300,8040944,190506100.0000,3,0.038615,1,-0.083930,0
2017-04-21,sh.601628,23.7800,24.2100,23.6100,24.1300,23.8100,6934608,166697147.0000,3,0.033302,1,1.343972,0
2017-04-24,sh.601628,24.0800,24.7500,23.9300,24.5500,24.1300,13429236,328630960.0000,3,0.064491,1,1.740572,0
2017-04-25,sh.601628,24.4800,25.0100,24.4500,24.9000,24.5500,11628267,288898544.0000,3,0.055842,1,1.425663,0
2017-04-26,sh.601628,25.0000,25.9900,25.0000,25.4800,24.9000,20663391,528429312.0000,3,0.099231,1,2.329317,0
2017-04-27,sh.601628,25.4800,26.0800,25.3200,26.0100,25.4800,22193471,576274800.0000,3,0.106579,1,2.080065,0
2017-04-28,sh.601628,26.0000,26.3500,25.8000,26.1300,26.0100,12236178,319851104.0000,3,0.058761,1,0.461357,0
2017-05-02,sh.601628,25.9600,26.3200,25.9000,25.9400,26.1300,6999707,182238103.0000,3,0.033614,1,-0.727128,0
2017-05-03,sh.601628,25.8500,26.1500,25.5600,25.7300,25.9400,7048146,181838713.0000,3,0.033847,1,-0.809564,0
2017-05-04,sh.601628,25.7900,26.2800,25.6300,26.0500,25.7300,12207184,318231936.0000,3,0.058622,1,1.243683,0
2017-05-05,sh.601628,25.9000,26.1000,25.4700,25.7700,26.0500,10160142,261315508.0000,3,0.048792,1,-1.074851,0
2017-05-08,sh.601628,25.7400,26.6900,25.5200,26.3600,25.7700,16776612,442881552.0000,3,0.080566,1,2.289485,0
2017-05-09,sh.601628,26.3100,26.5500,25.9000,26.1700,26.3600,13004197,340779088.0000,3,0.062450,1,-0.720791,0
2017-05-10,sh.601628,26.0100,27.3900,26.0100,27.1000,26.1700,25570510,690664624.0000,3,0.122796,1,3.553689,0
2017-05-11,sh.601628,26.8800,27.3500,26.7900,27.0200,27.1000,12330085,333132704.0000,3,0.059212,1,-0.295203,0
2017-05-12,sh.601628,26.9900,28.0000,26.8000,27.7500,27.0200,20470387,565878544.0000,3,0.098304,1,2.701701,0
2017-05-15,sh.601628,27.7100,28.0600,26.7800,27.1400,27.7500,18153431,494320176.0000,3,0.087177,1,-2.198200,0
2017-05-16,sh.601628,27.0000,27.3800,26.8000,27.0700,27.1400,10510987,284342976.0000,3,0.050476,1,-0.257921,0
2017-05-17,sh.601628,27.0000,27.1000,26.2100,26.2900,27.0700,23970297,632459024.0000,3,0.115112,1,-2.881414,0
2017-05-18,sh.601628,26.0300,26.6700,26.0300,26.2400,26.2900,12444139,328420608.0000,3,0.059760,1,-0.190191,0
2017-05-19,sh.601628,26.2000,26.5500,26.2000,26.2400,26.2400,7826971,206616945.0000,3,0.037587,1,0.000000,0
2017-05-22,sh.601628,26.2300,27.3900,26.2300,27.0800,26.2400,16050796,433383808.0000,3,0.077080,1,3.201220,0
2017-05-23,sh.601628,27.2000,28.0900,26.9800,27.9300,27.0800,21550972,599239968.0000,3,0.103493,1,3.138849,0
2017-05-24,sh.601628,27.8100,28.0800,27.0000,27.4500,27.9300,12973007,355269984.0000,3,0.062300,1,-1.718580,0
2017-05-25,sh.601628,27.2400,28.6800,27.2300,28.6600,27.4500,21453909,607512064.0000,3,0.103027,1,4.408011,0
2017-05-26,sh.601628,28.5800,29.2400,28.3000,28.5800,28.6600,15616567,449729792.0000,3,0.074995,1,-0.279134,0
2017-05-31,sh.601628,28.4900,29.4400,27.8600,28.0800,28.5800,17697447,503060976.0000,3,0.084988,1,-1.749475,0
2017-06-01,sh.601628,28.1600,28.7000,27.7500,28.6800,28.0800,11190953,316252928.0000,3,0.053742,1,2.136754,0
2017-06-02,sh.601628,28.3800,28.8400,27.9300,28.1100,28.6800,9660481,272490672.0000,3,0.046392,1,-1.987447,0
2017-06-05,sh.601628,27.9800,27.9900,27.1300,27.5000,28.1100,18194728,498199760.0000,3,0.087376,1,-2.170048,0
2017-06-06,sh.601628,27.3800,27.7500,27.0200,27.6200,27.5000,15162087,415723152.0000,3,0.072812,1,0.436367,0
2017-06-07,sh.601628,27.5500,28.0200,27.3300,27.4900,27.6200,21808421,602208336.0000,3,0.104730,1,-0.470677,0
2017-06-08,sh.601628,27.5100,28.5700,27.2900,28.5000,27.4900,23891001,665204096.0000,3,0.114731,1,3.674064,0
2017-06-09,sh.601628,28.4500,29.1800,28.3200,28.4600,28.5000,26770148,768800736.0000,3,0.128557,1,-0.140354,0
2017-06-12,sh.601628,28.2000,29.0800,28.1600,29.0000,28.4600,26011202,747993808.0000,3,0.124913,1,1.897403,0
2017-06-13,sh.601628,28.8000,28.8500,28.2300,28.4800,29.0000,13103316,372529248.0000,3,0.062926,1,-1.793105,0
2017-06-14,sh.601628,28.4000,28.5300,27.3300,27.4900,28.4800,21798894,605277104.0000,3,0.104684,1,-3.476123,0
2017-06-15,sh.601628,27.4700,27.5600,26.7000,27.1400,27.4900,18843812,508931344.0000,3,0.090493,1,-1.273192,0
2017-06-16,sh.601628,26.8900,27.1000,26.7200,26.8300,26.9000,13757631,370281328.0000,3,0.066068,1,-0.260222,0
2017-06-19,sh.601628,26.8400,27.2800,26.7300,27.1300,26.8300,15006922,405808128.0000,3,0.072067,1,1.118148,0
2017-06-20,sh.601628,27.2000,27.2000,26.2500,26.5400,27.1300,21808392,577930320.0000,3,0.104730,1,-2.174708,0
2017-06-21,sh.601628,26.5900,26.8500,26.1400,26.7900,26.5400,19684408,522487824.0000,3,0.094530,1,0.941974,0
2017-06-22,sh.601628,26.6900,27.9500,26.6100,27.4600,26.7900,36558805,1001490656.0000,3,0.175565,1,2.500926,0
2017-06-23,sh.601628,27.2600,27.7800,27.0000,27.6800,27.4600,21352235,584955296.0000,3,0.102539,1,0.801170,0
2017-06-26,sh.601628,27.5100,28.0900,27.1500,27.3700,27.6800,30944191,848991280.0000,3,0.148602,1,-1.119940,0
2017-06-27,sh.601628,27.2500,27.3500,26.6900,27.1200,27.3700,25114812,676034944.0000,3,0.120608,1,-0.913409,0
2017-06-28,sh.601628,26.9800,27.0800,26.5800,26.6800,27.1200,15800987,422333024.0000,3,0.075880,1,-1.622421,0
2017-06-29,sh.601628,26.6500,26.9500,26.4700,26.8100,26.6800,19308699,515410560.0000,3,0.092725,1,0.487253,0
2017-06-30,sh.601628,26.6100,27.0300,26.4700,26.9800,26.8100,19889398,532671328.0000,3,0.095514,1,0.634092,0
2017-07-03,sh.601628,26.9200,26.9700,26.3800,26.7200,26.9800,19081442,508730192.0000,3,0.091634,1,-0.963678,0
2017-07-04,sh.601628,26.7000,26.8300,26.3500,26.8200,26.7200,24771791,658266336.0000,3,0.118961,1,0.374253,0
2017-07-05,sh.601628,26.8000,27.7700,26.6600,27.3800,26.8200,44599379,1219373456.0000,3,0.214178,1,2.087992,0
2017-07-06,sh.601628,27.3600,28.0000,27.0700,27.7900,27.3800,37788270,1041601184.0000,3,0.181469,1,1.497450,0
2017-07-07,sh.601628,27.5900,27.7200,27.2000,27.4400,27.7900,22338274,614821504.0000,3,0.107274,1,-1.259447,0
2017-07-10,sh.601628,27.3000,27.8700,27.1100,27.1200,27.4400,16478627,451950160.0000,3,0.079135,1,-1.166180,0
2017-07-11,sh.601628,27.0000,28.7000,26.9100,28.3800,27.1200,36901325,1029997968.0000,3,0.177210,1,4.646011,0
2017-07-12,sh.601628,28.2100,28.8800,27.7900,27.9800,28.3800,36246256,1029726208.0000,3,0.174064,1,-1.409442,0
2017-07-13,sh.601628,27.9100,29.1500,27.7500,28.8000,27.9800,33816695,962405840.0000,3,0.162397,1,2.930664,0
2017-07-14,sh.601628,28.7500,29.1000,28.2900,29.0500,28.8000,29100306,836266336.0000,3,0.139747,1,0.868056,0
2017-07-17,sh.601628,29.0200,30.2400,28.1800,29.5000,29.0500,59398843,1754517280.0000,3,0.285249,1,1.549056,0
2017-07-18,sh.601628,29.2500,29.6500,28.5200,29.2100,29.5000,31217745,907090656.0000,3,0.149916,1,-0.983054,0
2017-07-19,sh.601628,29.1300,29.4600,28.7500,29.3700,29.2100,28385837,828313440.0000,3,0.136316,1,0.547764,0
2017-07-20,sh.601628,29.2500,29.5300,28.7100,29.2900,29.3700,25580645,743639088.0000,3,0.122845,1,-0.272386,0
2017-07-21,sh.601628,29.1500,29.1500,28.5500,28.6900,29.2900,20027165,578314224.0000,3,0.096176,1,-2.048482,0
2017-07-24,sh.601628,28.4700,28.8700,28.2800,28.3100,28.6900,23701124,676521872.0000,3,0.113819,1,-1.324507,0
2017-07-25,sh.601628,28.3600,28.6400,28.0700,28.2800,28.3100,17989779,510113248.0000,3,0.086392,1,-0.105965,0
2017-07-26,sh.601628,28.2800,28.6400,27.8600,28.3400,28.2800,21586529,609049888.0000,3,0.103664,1,0.212162,0
2017-07-27,sh.601628,28.3100,28.4300,27.8100,28.3000,28.3400,16495094,464708752.0000,3,0.079214,1,-0.141147,0
2017-07-28,sh.601628,28.2900,28.2900,27.8900,27.9200,28.3000,10951412,307235680.0000,3,0.052592,1,-1.342753,0
2017-07-31,sh.601628,27.9300,28.1500,27.5400,27.6000,27.9200,25201469,700110944.0000,3,0.121024,1,-1.146131,0
2017-08-01,sh.601628,27.6900,28.7700,27.6500,28.7400,27.6000,35544791,1006044752.0000,3,0.170695,1,4.130433,0
2017-08-02,sh.601628,28.7000,28.7000,28.1300,28.3200,28.7400,21738526,616600512.0000,3,0.104394,1,-1.461378,0
2017-08-03,sh.601628,28.2700,28.4200,27.7600,27.8500,28.3200,16981001,474969312.0000,3,0.081547,1,-1.659602,0
2017-08-04,sh.601628,27.7000,27.8900,27.0700,27.1900,27.8500,22711444,621060832.0000,3,0.109066,1,-2.369838,0
2017-08-07,sh.601628,27.0500,27.5100,26.7500,27.2900,27.1900,16542550,449712288.0000,3,0.079442,1,0.367784,0
2017-08-08,sh.601628,27.2000,27.4400,26.9900,27.4000,27.2900,9974352,271373936.0000,3,0.047899,1,0.403073,0
2017-08-09,sh.601628,27.2000,27.2700,26.9700,27.0400,27.4000,11134049,301548544.0000,3,0.053469,1,-1.313864,0
2017-08-10,sh.601628,26.9900,27.1900,26.8000,27.1200,27.0400,16083294,434287536.0000,3,0.077236,1,0.295858,0
2017-08-11,sh.601628,26.9700,27.2400,26.7200,27.0200,27.1200,18736717,505887600.0000,3,0.089979,1,-0.368733,0
2017-08-14,sh.601628,27.0500,27.3800,26.8100,27.2700,27.0200,11351777,308076304.0000,3,0.054514,1,0.925241,0
2017-08-15,sh.601628,27.2000,27.8300,27.1800,27.3900,27.2700,15410752,424703648.0000,3,0.074006,1,0.440040,0
2017-08-16,sh.601628,27.3000,27.3100,27.0100,27.1700,27.3900,6482301,175835694.0000,3,0.031130,1,-0.803210,0
2017-08-17,sh.601628,27.9200,28.0800,27.3100,27.4400,27.1700,24028336,663770352.0000,3,0.115390,1,0.993745,0
2017-08-18,sh.601628,27.4700,28.3000,27.2700,28.2900,27.4400,30504803,848520768.0000,3,0.146492,1,3.097669,0
2017-08-21,sh.601628,28.9000,28.9000,27.7300,27.8400,28.2900,30946418,869716160.0000,3,0.148613,1,-1.590671,0
2017-08-22,sh.601628,27.8400,28.2300,27.6900,28.0700,27.8400,19378532,542963040.0000,3,0.093061,1,0.826148,0
2017-08-23,sh.601628,28.0000,28.3000,27.7700,28.0900,28.0700,13657676,382586336.0000,3,0.065588,1,0.071252,0
2017-08-24,sh.601628,27.9500,28.2600,27.6000,27.6400,28.0900,13352527,372931696.0000,3,0.064122,1,-1.601996,0
2017-08-25,sh.601628,27.6200,29.4800,27.6200,29.2700,27.6400,56289681,1624136448.0000,3,0.270318,1,5.897254,0
2017-08-28,sh.601628,29.2500,30.1800,29.1500,29.5100,29.2700,47708055,1417629168.0000,3,0.229106,1,0.819951,0
2017-08-29,sh.601628,29.5000,30.0400,29.2200,30.0100,29.5100,23964788,712836288.0000,3,0.115085,1,1.694341,0
2017-08-30,sh.601628,29.8300,30.1000,29.1900,29.3900,30.0100,22836619,676055424.0000,3,0.109667,1,-2.065981,0
2017-08-31,sh.601628,29.2600,29.8600,28.9000,29.2700,29.3900,17792227,521783680.0000,3,0.085443,1,-0.408299,0
2017-09-01,sh.601628,29.3100,29.4800,28.5000,28.7600,29.2700,25553172,739784928.0000,3,0.122713,1,-1.742399,0
2017-09-04,sh.601628,28.6000,28.9000,28.4000,28.8400,28.7600,14651260,419880368.0000,3,0.070359,1,0.278164,0
2017-09-05,sh.601628,28.7300,29.2900,28.7100,29.2700,28.8400,19879065,578037776.0000,3,0.095464,1,1.490986,0
2017-09-06,sh.601628,29.0300,29.1500,28.3900,28.6800,29.2700,21099778,604645008.0000,3,0.101327,1,-2.015716,0
2017-09-07,sh.601628,28.6100,28.7400,28.4700,28.5100,28.6800,9429921,269425824.0000,3,0.045285,1,-0.592748,0
2017-09-08,sh.601628,28.5200,28.6800,28.3600,28.5700,28.5100,9516699,271292480.0000,3,0.045702,1,0.210451,0
2017-09-11,sh.601628,28.7100,28.7700,27.8600,27.9400,28.5700,27232868,768353200.0000,3,0.130779,1,-2.205107,0
2017-09-12,sh.601628,28.0000,28.0700,27.6000,27.9800,27.9400,21696534,602581102.0000,3,0.104192,1,0.143160,0
2017-09-13,sh.601628,27.8800,28.0000,27.6100,27.7800,27.9800,12775006,355050125.0000,3,0.061349,1,-0.714792,0
2017-09-14,sh.601628,27.7000,27.9500,27.6100,27.9200,27.7800,15122946,420046687.0000,3,0.072624,1,0.503957,0
2017-09-15,sh.601628,27.8600,28.2500,27.7500,28.0300,27.9200,13964885,391473372.0000,3,0.067063,1,0.393985,0
2017-09-18,sh.601628,28.0300,28.2800,27.7200,27.8000,28.0300,15287740,427454233.0000,3,0.073416,1,-0.820555,0
2017-09-19,sh.601628,27.8100,27.9900,27.6900,27.7900,27.8000,12613695,350586534.0000,3,0.060574,1,-0.035965,0
2017-09-20,sh.601628,27.7000,27.7800,27.4000,27.5900,27.7900,16002491,440462272.0000,3,0.076848,1,-0.719686,0
2017-09-21,sh.601628,27.5000,27.9400,27.4500,27.6900,27.5900,14039731,389386124.0000,3,0.067422,1,0.362451,0
2017-09-22,sh.601628,27.6900,28.1800,27.5900,28.1400,27.6900,18633264,520743117.0000,3,0.089482,1,1.625131,0
2017-09-25,sh.601628,28.1100,28.3700,27.9200,28.3600,28.1400,21094277,595330620.0000,3,0.101300,1,0.781810,0
2017-09-26,sh.601628,28.2100,28.5000,28.1500,28.3700,28.3600,12631431,358413097.0000,3,0.060659,1,0.035262,0
2017-09-27,sh.601628,28.2800,28.2900,27.8200,27.8500,28.3700,12773900,357313966.0000,3,0.061344,1,-1.832924,0
2017-09-28,sh.601628,27.8300,28.0000,27.7300,27.9100,27.8500,5822720,162260743.0000,3,0.027962,1,0.215438,0
2017-09-29,sh.601628,27.9100,28.0800,27.6700,27.7400,27.9100,9704336,270158860.0000,3,0.046603,1,-0.609101,0
2017-10-09,sh.601628,28.2500,28.3400,27.6800,27.7500,27.7400,15844182,443213452.0000,3,0.076088,1,0.036050,0
2017-10-10,sh.601628,27.7200,27.8900,27.1700,27.4000,27.7500,16050451,440302335.0000,3,0.077078,1,-1.261263,0
2017-10-11,sh.601628,27.4700,27.7500,27.3200,27.6000,27.4000,10710986,295022128.0000,3,0.051437,1,0.729930,0
2017-10-12,sh.601628,27.5600,28.1600,27.4500,28.0900,27.6000,18528032,517125024.0000,3,0.088976,1,1.775361,0
2017-10-13,sh.601628,27.9900,28.1500,27.8000,27.9500,28.0900,11382013,317971038.0000,3,0.054659,1,-0.498396,0
2017-10-16,sh.601628,27.9100,28.5300,27.8200,28.3600,27.9500,23785479,672102695.0000,3,0.114224,1,1.466905,0
2017-10-17,sh.601628,28.4100,28.4400,28.0300,28.2200,28.3600,14188135,400553673.0000,3,0.068135,1,-0.493658,0
2017-10-18,sh.601628,28.3000,28.7500,28.2500,28.6900,28.2200,27253621,778258379.0000,3,0.130879,1,1.665490,0
2017-10-19,sh.601628,28.6000,28.8700,28.1500,28.8200,28.6900,26654058,761390235.0000,3,0.128000,1,0.453117,0
2017-10-20,sh.601628,28.5800,28.6400,28.2700,28.3200,28.8200,10959929,310866363.0000,3,0.052632,1,-1.734906,0
2017-10-23,sh.601628,29.1000,29.1600,28.4500,28.9900,28.3200,28777331,831695376.0000,3,0.138196,1,2.365819,0
2017-10-24,sh.601628,28.7900,29.5600,28.7400,29.2600,28.9900,29299000,859021104.0000,3,0.140701,1,0.931357,0
2017-10-25,sh.601628,29.1700,29.3300,29.0200,29.2900,29.2600,13588613,396201209.0000,3,0.065256,1,0.102531,0
2017-10-26,sh.601628,29.1300,30.0000,29.0500,29.3000,29.2900,34720552,1027717150.0000,3,0.166737,1,0.034136,0
2017-10-27,sh.601628,29.5300,29.6900,29.0700,29.4700,29.3000,34330714,1007754136.0000,3,0.164865,1,0.580205,0
2017-10-30,sh.601628,29.7500,31.5400,29.5000,30.9700,29.4700,60386352,1840269985.0000,3,0.289991,1,5.089922,0
2017-10-31,sh.601628,30.6900,31.6000,30.5100,31.4000,30.9700,38101993,1188400554.0000,3,0.182976,1,1.388441,0
2017-11-01,sh.601628,31.3800,33.1900,31.1200,32.8800,31.4000,53952260,1754700698.0000,3,0.259093,1,4.713380,0
2017-11-02,sh.601628,32.8000,33.3000,32.1000,32.9400,32.8800,32735277,1073830995.0000,3,0.157203,1,0.182474,0
2017-11-03,sh.601628,32.6600,33.2000,32.3200,33.0800,32.9400,28039606,918817927.0000,3,0.134653,1,0.425025,0
2017-11-06,sh.601628,33.0900,33.1000,32.0100,32.5200,33.0800,25123827,815833938.0000,3,0.120651,1,-1.692870,0
2017-11-07,sh.601628,32.4900,33.2500,32.1900,32.6500,32.5200,35730896,1168202731.0000,3,0.171589,1,0.399757,0
2017-11-08,sh.601628,32.4300,32.8800,32.1100,32.3900,32.6500,30477237,988185115.0000,3,0.146360,1,-0.796331,0
2017-11-09,sh.601628,32.2900,32.8300,32.1800,32.7900,32.3900,20548737,666620385.0000,3,0.098680,1,1.234954,0
2017-11-10,sh.601628,32.6600,34.5700,32.5200,34.0300,32.7900,42385853,1423242759.0000,3,0.203548,1,3.781634,0
2017-11-13,sh.601628,33.9000,34.6400,33.6000,33.8700,34.0300,27231507,926264954.0000,3,0.130773,1,-0.470173,0
2017-11-14,sh.601628,33.9500,34.1900,33.1100,33.6800,33.8700,26898173,902993983.0000,3,0.129172,1,-0.560964,0
2017-11-15,sh.601628,33.3600,33.5300,32.3600,32.3900,33.6800,30387646,996339937.0000,3,0.145929,1,-3.830169,0
2017-11-16,sh.601628,32.1400,33.7700,32.1200,33.5200,32.3900,31659510,1047452371.0000,3,0.152037,1,3.488734,0
2017-11-17,sh.601628,33.4700,34.5500,33.0000,34.5300,33.5200,42013543,1424981746.0000,3,0.201760,1,3.013122,0
2017-11-20,sh.601628,34.5100,34.5200,33.3000,34.0800,34.5300,26211783,891005658.0000,3,0.125876,1,-1.303206,0
2017-11-21,sh.601628,34.0700,35.3800,33.7500,34.7000,34.0800,38910417,1350290756.0000,3,0.186858,1,1.819246,0
2017-11-22,sh.601628,34.7700,35.3000,33.1000,33.6300,34.7000,37782748,1290788920.0000,3,0.181443,1,-3.083573,0
2017-11-23,sh.601628,33.5000,34.0000,32.0000,32.7100,33.6300,30097038,997740977.0000,3,0.144534,1,-2.735659,0
2017-11-24,sh.601628,32.4400,32.5800,31.4500,32.3600,32.7100,28670527,916805226.0000,3,0.137683,1,-1.070004,0
2017-11-27,sh.601628,32.2500,32.5000,31.6300,32.4400,32.3600,22398903,717787796.0000,3,0.107565,1,0.247213,0
2017-11-28,sh.601628,32.1500,32.5900,31.7900,31.9900,32.4400,12729847,408112422.0000,3,0.061132,1,-1.387173,0
2017-11-29,sh.601628,32.1600,32.3200,31.0200,31.3400,31.9900,19693746,621793167.0000,3,0.094574,1,-2.031884,0
2017-11-30,sh.601628,31.3100,31.3100,30.4200,30.9800,31.3400,19052512,586965822.0000,3,0.091495,1,-1.148694,0
2017-12-01,sh.601628,30.9000,31.1800,30.5900,30.8900,30.9800,15846251,488931530.0000,3,0.076098,1,-0.290511,0
2017-12-04,sh.601628,30.6600,31.6000,30.4900,31.4600,30.8900,20556621,642615393.0000,3,0.098718,1,1.845256,0
2017-12-05,sh.601628,31.2000,32.3700,31.1500,32.1900,31.4600,32080735,1023551672.0000,3,0.154060,1,2.320405,0
2017-12-06,sh.601628,31.9600,31.9600,31.2300,31.7800,32.1900,14518029,459935140.0000,3,0.069719,1,-1.273681,0
2017-12-07,sh.601628,31.4600,31.7800,31.0000,31.4600,31.7800,9769650,305651162.0000,3,0.046916,1,-1.006928,0
2017-12-08,sh.601628,31.3800,31.9800,31.0700,31.8000,31.4600,14669651,463258168.0000,3,0.070447,1,1.080738,0
2017-12-11,sh.601628,31.6500,32.2000,31.4000,32.1500,31.8000,12749122,406578367.0000,3,0.061225,1,1.100636,0
2017-12-12,sh.601628,31.9700,32.0800,30.9300,30.9700,32.1500,11710179,368154285.0000,3,0.056235,1,-3.670302,0
2017-12-13,sh.601628,31.0000,31.1300,30.5000,31.0600,30.9700,15643516,481396618.0000,3,0.075124,1,0.290604,0
2017-12-14,sh.601628,30.9800,31.0000,30.1000,30.1400,31.0600,17806397,540952337.0000,3,0.085511,1,-2.962009,0
2017-12-15,sh.601628,30.1400,30.5600,30.0800,30.3300,30.1400,13688474,415896299.0000,3,0.065736,1,0.630393,0
2017-12-18,sh.601628,30.1500,30.8600,30.1500,30.6000,30.3300,12112324,371483916.0000,3,0.058167,1,0.890209,0
2017-12-19,sh.601628,30.5900,31.6600,30.5900,31.4800,30.6000,21008184,658431147.0000,3,0.100887,1,2.875814,0
2017-12-20,sh.601628,31.5000,32.0700,31.2000,31.6900,31.4800,15571539,494016545.0000,3,0.074779,1,0.667093,0
2017-12-21,sh.601628,31.7400,32.1700,31.4100,31.9900,31.6900,13453870,429498184.0000,3,0.064609,1,0.946668,0
2017-12-22,sh.601628,31.9900,32.2200,31.6200,31.7700,31.9900,7691985,245141869.0000,3,0.036939,1,-0.687713,0
2017-12-25,sh.601628,31.6500,32.3000,30.7100,31.1800,31.7700,21301572,673299040.0000,3,0.102296,1,-1.857098,0
2017-12-26,sh.601628,31.2000,31.7300,30.8600,31.5200,31.1800,14278216,447505089.0000,3,0.068568,1,1.090443,0
2017-12-27,sh.601628,31.3900,31.4500,30.4000,30.6600,31.5200,16993430,523046466.0000,3,0.081607,1,-2.728428,0
2017-12-28,sh.601628,30.5000,30.8800,30.2000,30.6500,30.6600,12632276,386241155.0000,3,0.060663,1,-0.032617,0
2017-12-29,sh.601628,30.7300,30.8200,30.2500,30.4500,30.6500,10346564,314601559.0000,3,0.049687,1,-0.652525,0
2018-01-02,sh.601628,30.5200,30.8400,30.2700,30.4900,30.4500,32944589,1005557324.0000,3,0.158208,1,0.131360,0
2018-01-03,sh.601628,30.5600,30.8200,30.1100,30.2800,30.4900,36022339,1095717458.0000,3,0.172989,1,-0.688747,0
2018-01-04,sh.601628,30.2900,30.3400,29.9000,30.0700,30.2800,26986721,811142743.0000,3,0.129597,1,-0.693530,0
2018-01-05,sh.601628,30.1500,30.2100,29.5900,29.7400,30.0700,27970978,833340071.0000,3,0.134324,1,-1.097439,0
2018-01-08,sh.601628,29.7800,29.8500,29.3000,29.6500,29.7400,22082106,650970098.0000,3,0.106044,1,-0.302623,0
2018-01-09,sh.601628,29.7000,30.3000,29.5500,30.2500,29.6500,27625443,830430487.0000,3,0.132665,1,2.023610,0
2018-01-10,sh.601628,30.1800,30.2100,29.7800,30.1200,30.2500,16383506,491497957.0000,3,0.078678,1,-0.429749,0
2018-01-11,sh.601628,30.0000,30.4300,29.8800,30.2900,30.1200,18272608,552746299.0000,3,0.087750,1,0.564409,0
2018-01-12,sh.601628,30.2000,30.5000,30.0000,30.3900,30.2900,22637236,685928498.0000,3,0.108710,1,0.330137,0
2018-01-15,sh.601628,30.3900,31.5700,30.2600,31.4400,30.3900,50789828,1581476336.0000,3,0.243906,1,3.455088,0
2018-01-16,sh.601628,31.3300,31.4400,30.9100,31.3500,31.4400,27553189,858415889.0000,3,0.132318,1,-0.286260,0
2018-01-17,sh.601628,31.3600,32.1800,31.2300,31.8300,31.3500,38098210,1210640232.0000,3,0.182958,1,1.531099,0
2018-01-18,sh.601628,32.0100,32.3300,31.2000,31.5900,31.8300,30499397,967318278.0000,3,0.146466,1,-0.754005,0
2018-01-19,sh.601628,31.5100,31.7400,30.9900,31.1600,31.5900,26219379,819326410.0000,3,0.125912,1,-1.361191,0
2018-01-22,sh.601628,31.0800,31.3900,30.6300,30.9400,31.1600,26674430,825193960.0000,3,0.128098,1,-0.706031,0
2018-01-23,sh.601628,30.9800,31.4900,30.8700,31.1300,30.9400,28465658,886720247.0000,3,0.136699,1,0.614087,0
2018-01-24,sh.601628,31.3000,31.5600,30.7100,30.9300,31.1300,25620977,795789842.0000,3,0.123039,1,-0.642463,0
2018-01-25,sh.601628,30.8500,30.8700,29.9300,30.2900,30.9300,34354522,1037487757.0000,3,0.164979,1,-2.069186,0
2018-01-26,sh.601628,30.2000,31.2300,30.1900,31.1600,30.2900,27465116,844788095.0000,3,0.131895,1,2.872231,0
2018-01-29,sh.601628,31.2800,31.3800,30.1200,30.3200,31.1600,28849204,886377390.0000,3,0.138541,1,-2.695764,0
2018-01-30,sh.601628,30.2000,30.5900,29.8700,30.0000,30.3200,19143964,577273128.0000,3,0.091934,1,-1.055408,0
2018-01-31,sh.601628,29.8800,30.4900,29.8000,30.2600,30.0000,20456731,618465891.0000,3,0.098239,1,0.866667,0
2018-02-01,sh.601628,30.3000,31.1600,30.0300,31.0000,30.2600,37073512,1139153879.0000,3,0.178037,1,2.445472,0
2018-02-02,sh.601628,30.7900,31.6900,30.4000,31.5000,31.0000,42443553,1323687581.0000,3,0.203825,1,1.612903,0
2018-02-05,sh.601628,31.1000,32.0900,31.0000,31.9500,31.5000,37487696,1187851200.0000,3,0.180026,1,1.428574,0
2018-02-06,sh.601628,31.3700,31.7800,30.5300,31.0400,31.9500,45839413,1426773487.0000,3,0.220133,1,-2.848200,0
2018-02-07,sh.601628,31.3200,31.6900,29.9200,30.3800,31.0400,40177751,1238962359.0000,3,0.192944,1,-2.126294,0
2018-02-08,sh.601628,29.8000,29.8800,28.3100,28.7500,30.3800,42412087,1225982236.0000,3,0.203674,1,-5.365369,0
2018-02-09,sh.601628,27.6100,27.6100,25.8800,26.9700,28.7500,39442753,1051492466.0000,3,0.189414,1,-6.191307,0
2018-02-12,sh.601628,26.6400,26.8200,26.0000,26.4500,26.9700,21646419,571263810.0000,3,0.103952,1,-1.928063,0
2018-02-13,sh.601628,26.5000,27.0800,26.4400,26.5400,26.4500,28731927,770036578.0000,3,0.137978,1,0.340265,0
2018-02-14,sh.601628,26.6000,26.6100,25.8900,26.2300,26.5400,14774018,387341389.0000,3,0.070949,1,-1.168053,0
2018-02-22,sh.601628,26.5500,27.1600,26.4000,27.1400,26.2300,20499059,549260312.0000,3,0.098442,1,3.469310,0
2018-02-23,sh.601628,27.1600,27.6000,26.9000,27.2600,27.1400,15486286,422296230.0000,3,0.074369,1,0.442155,0
2018-02-26,sh.601628,27.3800,27.8000,27.0800,27.7500,27.2600,18707825,514089763.0000,3,0.089840,1,1.797505,0
2018-02-27,sh.601628,27.9000,27.9300,27.3000,27.4200,27.7500,15571834,428270239.0000,3,0.074780,1,-1.189189,0
2018-02-28,sh.601628,27.2000,27.2000,26.7300,26.8600,27.4200,11355103,305609310.0000,3,0.054530,1,-2.042303,0
2018-03-01,sh.601628,26.6800,27.1500,26.5500,27.0800,26.8600,9361748,252680439.0000,3,0.044958,1,0.819059,0
2018-03-02,sh.601628,26.8900,26.9800,26.6500,26.7700,27.0800,7449278,199682754.0000,3,0.035773,1,-1.144754,0
2018-03-05,sh.601628,26.7600,27.1300,26.7300,26.9200,26.7700,7709079,207234631.0000,3,0.037021,1,0.560327,0
2018-03-06,sh.601628,27.0800,27.5200,26.8100,27.5100,26.9200,13795637,374969003.0000,3,0.066250,1,2.191679,0
2018-03-07,sh.601628,27.5000,27.8700,27.3100,27.5200,27.5100,13410567,370152061.0000,3,0.064401,1,0.036351,0
2018-03-08,sh.601628,27.5000,27.7100,27.4000,27.5600,27.5200,9480258,261364985.0000,3,0.045527,1,0.145345,0
2018-03-09,sh.601628,27.6200,27.6800,27.2500,27.4500,27.5600,9261735,253805089.0000,3,0.044477,1,-0.399124,0
2018-03-12,sh.601628,27.6100,27.6800,27.1800,27.4100,27.4500,13129971,359085279.0000,3,0.063054,1,-0.145723,0
2018-03-13,sh.601628,27.3800,27.4900,26.8800,26.9900,27.4100,10204706,277412523.0000,3,0.049006,1,-1.532288,0
2018-03-14,sh.601628,26.9000,26.9500,26.6000,26.8100,26.9900,10676074,285704845.0000,3,0.051269,1,-0.666915,0
2018-03-15,sh.601628,26.6200,27.1700,26.6200,27.1000,26.8100,10598215,286181529.0000,3,0.050895,1,1.081689,0
2018-03-16,sh.601628,27.0000,27.3400,26.8200,26.9400,27.1000,9268875,250908419.0000,3,0.044512,1,-0.590405,0
2018-03-19,sh.601628,26.8700,27.2400,26.6300,27.2200,26.9400,9239865,249372898.0000,3,0.044372,1,1.039342,0
2018-03-20,sh.601628,27.0200,27.1000,26.6500,26.9800,27.2200,8892560,239343254.0000,3,0.042704,1,-0.881704,0
2018-03-21,sh.601628,27.2700,27.3700,26.6100,26.8900,26.9800,12425156,335217095.0000,3,0.059669,1,-0.333581,0
2018-03-22,sh.601628,26.8100,26.8500,26.0800,26.7000,26.8900,13850863,367908505.0000,3,0.066515,1,-0.706577,0
2018-03-23,sh.601628,26.0000,26.7300,25.8500,26.7000,26.7000,21893202,577257713.0000,3,0.105137,1,0.000000,0
2018-03-26,sh.601628,26.4100,26.4700,25.8200,26.0400,26.7000,11725851,305747320.0000,3,0.056311,1,-2.471910,0
2018-03-27,sh.601628,26.3000,26.3500,25.9300,26.1600,26.0400,11594989,302400336.0000,3,0.055682,1,0.460825,0
2018-03-28,sh.601628,25.9800,26.2600,25.2300,25.4900,26.1600,14465788,372010186.0000,3,0.069468,1,-2.561162,0
2018-03-29,sh.601628,25.4000,25.8600,24.9800,25.7300,25.4900,14383235,365900586.0000,3,0.069072,1,0.941545,0
2018-03-30,sh.601628,25.6500,25.6600,25.3500,25.4100,25.7300,8449260,215126358.0000,3,0.040576,1,-1.243683,0
2018-04-02,sh.601628,25.5100,25.8400,25.3800,25.4100,25.4100,9804931,250644749.0000,3,0.047086,1,0.000000,0
2018-04-03,sh.601628,25.1800,25.3400,25.0000,25.0600,25.4100,8745305,219657259.0000,3,0.041997,1,-1.377412,0
2018-04-04,sh.601628,25.1500,25.4000,25.0000,25.0200,25.0600,9996080,251556373.0000,3,0.048004,1,-0.159613,0
2018-04-09,sh.601628,25.0200,25.3600,24.9000,25.2500,25.0200,9060845,227943871.0000,3,0.043513,1,0.919263,0
2018-04-10,sh.601628,25.2600,25.8300,25.2000,25.7500,25.2500,14148501,360763908.0000,3,0.067945,1,1.980198,0
2018-04-11,sh.601628,25.8100,25.8600,25.4500,25.5900,25.7500,12160238,311613274.0000,3,0.058397,1,-0.621359,0
2018-04-12,sh.601628,25.6500,25.7500,25.2000,25.3400,25.5900,9605399,244878810.0000,3,0.046128,1,-0.976944,0
2018-04-13,sh.601628,25.5100,25.5500,24.9000,24.9700,25.3400,12938603,324878652.0000,3,0.062135,1,-1.460145,0
2018-04-16,sh.601628,24.9100,24.9400,24.0600,24.1100,24.9700,15386450,374997153.0000,3,0.073890,1,-3.444128,0
2018-04-17,sh.601628,24.0900,24.4600,24.0700,24.2500,24.1100,11767211,285639355.0000,3,0.056509,1,0.580669,0
2018-04-18,sh.601628,24.5200,24.6400,24.2200,24.3900,24.2500,9549199,233282441.0000,3,0.045858,1,0.577317,0
2018-04-19,sh.601628,24.5500,24.6600,24.4100,24.5400,24.3900,6607040,162200548.0000,3,0.031729,1,0.615012,0
2018-04-20,sh.601628,24.4500,24.4800,23.7700,24.2000,24.5400,14378761,345842109.0000,3,0.069051,1,-1.385494,0
2018-04-23,sh.601628,24.2000,24.5700,24.1100,24.5200,24.2000,8559139,208724729.0000,3,0.041103,1,1.322313,0
2018-04-24,sh.601628,24.3500,25.1000,24.3500,24.9700,24.5200,12941658,322216883.0000,3,0.062149,1,1.835232,0
2018-04-25,sh.601628,24.8300,24.9200,24.5900,24.6800,24.9700,7485858,185136559.0000,3,0.035949,1,-1.161390,0
2018-04-26,sh.601628,24.7900,24.9400,24.0900,24.3300,24.6800,9948730,242216936.0000,3,0.047776,1,-1.418154,0
2018-04-27,sh.601628,24.5900,24.7100,24.0000,24.5100,24.3300,12566901,306830840.0000,3,0.060350,1,0.739829,0
2018-05-02,sh.601628,24.6300,24.7400,24.2300,24.3700,24.5100,10868269,266225071.0000,3,0.052192,1,-0.571193,0
2018-05-03,sh.601628,24.4000,24.7000,24.1000,24.6900,24.3700,12114877,296791622.0000,3,0.058179,1,1.313089,0
2018-05-04,sh.601628,24.5800,24.7200,24.2700,24.3500,24.6900,9126696,223357730.0000,3,0.043829,1,-1.377076,0
2018-05-07,sh.601628,24.3500,24.8500,24.2500,24.8000,24.3500,14698660,361520572.0000,3,0.070587,1,1.848045,0
2018-05-08,sh.601628,24.8000,25.7600,24.7300,25.4500,24.8000,26739778,677727981.0000,3,0.128411,1,2.620974,0
2018-05-09,sh.601628,25.4700,25.4900,25.1800,25.3100,25.4500,9623428,243482790.0000,3,0.046214,1,-0.550103,0
2018-05-10,sh.601628,25.4300,25.5500,25.2200,25.4200,25.3100,9089702,230598703.0000,3,0.043651,1,0.434613,0
2018-05-11,sh.601628,25.5100,25.5500,25.1200,25.1500,25.4200,7243696,182959764.0000,3,0.034786,1,-1.062158,0
2018-05-14,sh.601628,25.2900,25.5700,25.2300,25.3500,25.1500,8493414,215410050.0000,3,0.040788,1,0.795232,0
2018-05-15,sh.601628,25.4800,25.4800,25.0400,25.3500,25.3500,7592286,191383399.0000,3,0.036460,1,0.000000,0
2018-05-16,sh.601628,25.2200,25.2800,24.8600,24.8800,25.3500,7957689,199402484.0000,3,0.038215,1,-1.854048,0
2018-05-17,sh.601628,24.9500,25.1600,24.8800,25.0400,24.8800,6646445,166439153.0000,3,0.031918,1,0.643094,0
2018-05-18,sh.601628,24.9000,25.3900,24.8900,25.3800,25.0400,8861555,222827093.0000,3,0.042555,1,1.357820,0
2018-05-21,sh.601628,25.4600,25.5400,25.2100,25.3800,25.3800,10650998,270535122.0000,3,0.051149,1,0.000000,0
2018-05-22,sh.601628,25.3800,25.3800,25.0000,25.2000,25.3800,7486038,188330585.0000,3,0.035950,1,-0.709214,0
2018-05-23,sh.601628,25.1500,25.1500,24.7400,24.7500,25.2000,8741281,217667425.0000,3,0.041978,1,-1.785717,0
2018-05-24,sh.601628,24.8100,25.0600,24.7000,24.8800,24.7500,6076424,151380461.0000,3,0.029181,1,0.525249,0
2018-05-25,sh.601628,24.9500,25.0400,24.7000,24.9200,24.8800,5592679,139121079.0000,3,0.026857,1,0.160775,0
2018-05-28,sh.601628,25.0100,25.1500,24.8500,25.0200,24.9200,6679085,167137923.0000,3,0.032075,1,0.401286,0
2018-05-29,sh.601628,24.9000,25.1500,24.3300,25.1300,25.0200,12112127,299910105.0000,3,0.058166,1,0.439643,0
2018-05-30,sh.601628,24.6800,24.8700,24.3100,24.3200,25.1300,7876302,193279794.0000,3,0.037824,1,-3.223237,0
2018-05-31,sh.601628,24.4500,24.6400,24.2500,24.5600,24.3200,7202479,176404212.0000,3,0.034588,1,0.986841,0
2018-06-01,sh.601628,24.5600,24.6300,24.2900,24.5200,24.5600,7942033,194250013.0000,3,0.038140,1,-0.162862,0
2018-06-04,sh.601628,24.6400,25.0900,24.4800,24.9600,24.5200,11213441,279075519.0000,3,0.053850,1,1.794448,0
2018-06-05,sh.601628,24.9600,25.2500,24.6000,25.1400,24.9600,13221115,330272444.0000,3,0.063491,1,0.721155,0
2018-06-06,sh.601628,24.9600,25.0500,24.7300,24.8500,25.1400,7649325,190229457.0000,3,0.036734,1,-1.153536,0
2018-06-07,sh.601628,24.9700,25.5200,24.9700,25.1900,24.8500,15652042,395300675.0000,3,0.075165,1,1.368210,0
2018-06-08,sh.601628,25.1000,25.1000,24.2900,24.4800,25.1900,13381268,329164191.0000,3,0.064260,1,-2.818583,0
2018-06-11,sh.601628,24.3500,24.4000,24.0600,24.2700,24.4800,8331384,201654792.0000,3,0.040009,1,-0.857839,0
2018-06-12,sh.601628,24.2300,24.5500,24.1500,24.4400,24.2700,9022727,220314052.0000,3,0.043329,1,0.700453,0
2018-06-13,sh.601628,24.3300,24.6300,24.2700,24.4800,24.4400,7788682,190230421.0000,3,0.037403,1,0.163662,0
2018-06-14,sh.601628,24.3800,24.9200,24.3700,24.5700,24.4800,10391598,256580888.0000,3,0.049903,1,0.367648,0
2018-06-15,sh.601628,24.4600,24.7000,24.4500,24.6800,24.5700,11748234,289031536.0000,3,0.056418,1,0.447703,0
2018-06-19,sh.601628,24.2900,24.9800,24.1300,24.9400,24.6800,36001691,887892989.0000,3,0.172889,1,1.053486,0
2018-06-20,sh.601628,24.6800,24.7900,24.1100,24.4500,24.9400,12800310,312895951.0000,3,0.061470,1,-1.964714,0
2018-06-21,sh.601628,23.9900,23.9900,23.0100,23.1300,24.0500,11007120,259769548.0000,3,0.052859,1,-3.825364,0
2018-06-22,sh.601628,22.9400,23.0400,22.4400,22.8300,23.1300,8966775,203834489.0000,3,0.043061,1,-1.297014,0
2018-06-25,sh.601628,22.8900,23.0000,22.1800,22.2700,22.8300,8783110,197593401.0000,3,0.042179,1,-2.452910,0
2018-06-26,sh.601628,22.1000,22.2600,21.5200,22.1900,22.2700,8045191,176574355.0000,3,0.038635,1,-0.359227,0
2018-06-27,sh.601628,22.0800,22.3500,21.8600,22.2000,22.1900,6668277,147436526.0000,3,0.032023,1,0.045066,0
2018-06-28,sh.601628,21.9000,22.5000,21.8800,22.2100,22.2000,5639245,125288370.0000,3,0.027081,1,0.045037,0
2018-06-29,sh.601628,22.4400,22.5300,22.1600,22.5200,22.2100,6468433,144792479.0000,3,0.031063,1,1.395774,0
2018-07-02,sh.601628,22.3300,22.4400,21.2200,21.5200,22.5200,8047257,176616038.0000,3,0.038645,1,-4.440497,0
2018-07-03,sh.601628,21.5600,22.1700,21.4500,22.1300,21.5200,7751427,169563121.0000,3,0.037224,1,2.834567,0
2018-07-04,sh.601628,22.1000,22.3900,21.8700,22.0900,22.1300,6870938,151717002.0000,3,0.032996,1,-0.180746,0
2018-07-05,sh.601628,22.0900,22.4400,21.8900,22.4200,22.0900,10924417,242690652.0000,3,0.052462,1,1.493888,0
2018-07-06,sh.601628,22.4900,22.7800,22.1600,22.5800,22.4200,9825435,221246921.0000,3,0.047184,1,0.713648,0
2018-07-09,sh.601628,22.5600,22.9300,22.4800,22.8500,22.5800,7131596,162446098.0000,3,0.034248,1,1.195750,0
2018-07-10,sh.601628,22.9200,22.9500,22.4500,22.7400,22.8500,7120410,161642246.0000,3,0.034194,1,-0.481403,0
2018-07-11,sh.601628,22.1500,22.4400,22.0000,22.1600,22.7400,5106078,113260537.0000,3,0.024521,1,-2.550571,0
2018-07-12,sh.601628,22.1800,22.9500,22.1500,22.7500,22.1600,8974558,203542623.0000,3,0.043098,1,2.662456,0
2018-07-13,sh.601628,22.8000,22.8900,22.6500,22.7100,22.7500,3378963,76818078.0000,3,0.016227,1,-0.175828,0
2018-07-16,sh.601628,22.7000,22.8800,22.4800,22.6800,22.7100,3378381,76392497.0000,3,0.016224,1,-0.132095,0
2018-07-17,sh.601628,22.7600,22.7900,22.4800,22.6500,22.6800,3314723,75034937.0000,3,0.015918,1,-0.132278,0
2018-07-18,sh.601628,22.9500,23.0100,22.5600,22.6800,22.6500,5509568,125478991.0000,3,0.026458,1,0.132453,0
2018-07-19,sh.601628,22.7800,23.1300,22.7000,22.9400,22.6800,7278535,167278811.0000,3,0.034953,1,1.146385,0
2018-07-20,sh.601628,22.8800,23.8900,22.8000,23.6500,22.9400,11387366,266733538.0000,3,0.054685,1,3.095026,0
2018-07-23,sh.601628,23.4100,23.8400,23.3000,23.6600,23.6500,7724873,182111480.0000,3,0.037097,1,0.042284,0
2018-07-24,sh.601628,23.6600,24.3300,23.5300,23.8400,23.6600,11265686,270484222.0000,3,0.054101,1,0.760779,0
2018-07-25,sh.601628,24.1100,24.1100,23.6500,23.7400,23.8400,4678463,111096829.0000,3,0.022467,1,-0.419465,0
2018-07-26,sh.601628,23.7200,23.8600,23.4100,23.5400,23.7400,5105476,120443194.0000,3,0.024518,1,-0.842455,0
2018-07-27,sh.601628,23.6100,23.6400,23.4100,23.5500,23.5400,3141009,73895276.0000,3,0.015084,1,0.042474,0
2018-07-30,sh.601628,23.4400,23.7500,23.3100,23.6400,23.5500,5445474,127973965.0000,3,0.026151,1,0.382166,0
2018-07-31,sh.601628,23.6500,23.6500,23.3000,23.4500,23.6400,6256307,146560513.0000,3,0.030044,1,-0.803717,0
2018-08-01,sh.601628,23.4500,23.7000,22.7400,22.7600,23.4500,7987067,185273513.0000,3,0.038356,1,-2.942433,0
2018-08-02,sh.601628,22.7200,22.8900,21.8200,22.2600,22.7600,7787548,173726145.0000,3,0.037398,1,-2.196836,0
2018-08-03,sh.601628,22.2400,22.3700,22.0000,22.0100,22.2600,3748829,83032081.0000,3,0.018003,1,-1.123091,0
2018-08-06,sh.601628,22.1600,22.3100,21.5000,21.6400,22.0100,7208739,157156407.0000,3,0.034618,1,-1.681058,0
2018-08-07,sh.601628,21.6400,22.1600,21.6300,22.1500,21.6400,6198055,135904345.0000,3,0.029765,1,2.356748,0
2018-08-08,sh.601628,22.1500,22.2400,21.9100,21.9900,22.1500,4818716,106266073.0000,3,0.023141,1,-0.722347,0
2018-08-09,sh.601628,21.8000,22.5700,21.7400,22.3600,21.9900,6723456,150114448.0000,3,0.032288,1,1.682587,0
2018-08-10,sh.601628,22.3400,22.4000,22.1100,22.3100,22.3600,3639861,80987659.0000,3,0.017480,1,-0.223619,0
2018-08-13,sh.601628,22.0900,22.1900,21.7200,22.0800,22.3100,5140971,112751637.0000,3,0.024688,1,-1.030926,0
2018-08-14,sh.601628,22.0000,22.2200,21.9300,22.1400,22.0800,3954622,87424339.0000,3,0.018991,1,0.271737,0
2018-08-15,sh.601628,22.1500,22.2200,21.6100,21.6400,22.1400,5270911,115138320.0000,3,0.025312,1,-2.258356,0
2018-08-16,sh.601628,21.5400,21.9900,21.2500,21.8200,21.6400,5435438,118219171.0000,3,0.026102,1,0.831794,0
2018-08-17,sh.601628,22.1200,22.1200,21.5400,21.6000,21.8200,4543509,99573799.0000,3,0.021819,1,-1.008246,0
2018-08-20,sh.601628,21.9900,22.0300,21.7000,21.9900,21.6000,4983199,109216301.0000,3,0.023931,1,1.805553,0
2018-08-21,sh.601628,22.0900,22.4600,21.9700,22.3300,21.9900,7493721,167319398.0000,3,0.035987,1,1.546158,0
2018-08-22,sh.601628,22.3400,22.4200,22.1400,22.3200,22.3300,4175270,93061559.0000,3,0.020051,1,-0.044784,0
2018-08-23,sh.601628,22.3200,22.5700,22.1700,22.4500,22.3200,5787919,129638911.0000,3,0.027795,1,0.582442,0
2018-08-24,sh.601628,22.1500,22.7600,22.0800,22.5700,22.4500,8345915,187135075.0000,3,0.040079,1,0.534516,0
2018-08-27,sh.601628,22.6200,22.6600,22.3400,22.6000,22.5700,9656705,217544975.0000,3,0.046374,1,0.132923,0
2018-08-28,sh.601628,22.6100,22.6400,22.3000,22.3600,22.6000,6225969,139481885.0000,3,0.029899,1,-1.061946,0
2018-08-29,sh.601628,22.3500,22.4800,22.3200,22.4100,22.3600,3807590,85254660.0000,3,0.018285,1,0.223610,0
2018-08-30,sh.601628,22.4500,22.4700,21.9600,21.9700,22.4100,6432883,142804318.0000,3,0.030892,1,-1.963412,0
2018-08-31,sh.601628,21.8000,22.3000,21.7600,22.1000,21.9700,6498754,143914592.0000,3,0.031209,1,0.591721,0
2018-09-03,sh.601628,22.0100,22.1900,21.8600,22.1200,22.1000,4442860,97872364.0000,3,0.021336,1,0.090500,0
2018-09-04,sh.601628,22.0100,22.3800,21.9300,22.2600,22.1200,5939410,131646329.0000,3,0.028523,1,0.632909,0
2018-09-05,sh.601628,22.0700,22.1900,21.7100,21.7100,22.2600,5869219,128705903.0000,3,0.028186,1,-2.470805,0
2018-09-06,sh.601628,21.7300,21.9600,21.5500,21.6300,21.7100,4396187,95611008.0000,3,0.021112,1,-0.368493,0
2018-09-07,sh.601628,21.6200,21.8800,21.5000,21.5700,21.6300,4660868,100899465.0000,3,0.022383,1,-0.277390,0
2018-09-10,sh.601628,21.5300,21.5600,21.1300,21.2600,21.5700,4535809,96427372.0000,3,0.021782,1,-1.437179,0
2018-09-11,sh.601628,21.2000,21.3300,20.9200,21.1100,21.2600,5717204,120811595.0000,3,0.027455,1,-0.705549,0
2018-09-12,sh.601628,21.0400,21.1200,20.8400,21.0600,21.1100,4107534,86207713.0000,3,0.019725,1,-0.236860,0
2018-09-13,sh.601628,21.2200,21.3300,21.0300,21.2600,21.0600,4434631,93854726.0000,3,0.021296,1,0.949671,0
2018-09-14,sh.601628,21.3900,21.3900,21.0700,21.0800,21.2600,4030659,85350252.0000,3,0.019356,1,-0.846662,0
2018-09-17,sh.601628,20.9200,21.0100,20.7900,20.8100,21.0800,3297866,68848936.0000,3,0.015837,1,-1.280837,0
2018-09-18,sh.601628,20.7000,21.1700,20.7000,21.1600,20.8100,4168806,87448881.0000,3,0.020020,1,1.681885,0
2018-09-19,sh.601628,21.1400,21.5500,21.0700,21.4000,21.1600,6535599,139665654.0000,3,0.031386,1,1.134214,0
2018-09-20,sh.601628,21.4000,21.5200,21.2100,21.2900,21.4000,4630168,98724652.0000,3,0.022235,1,-0.514013,0
2018-09-21,sh.601628,21.3300,22.1000,21.2700,22.0600,21.2900,9924842,216100667.0000,3,0.047662,1,3.616714,0
2018-09-25,sh.601628,21.8600,22.0700,21.8000,21.9200,22.0600,4344927,95245894.0000,3,0.020865,1,-0.634630,0
2018-09-26,sh.601628,22.0700,22.6400,22.0100,22.4500,21.9200,12061758,270343232.0000,3,0.057924,1,2.417886,0
2018-09-27,sh.601628,22.4400,22.6700,22.2200,22.4900,22.4500,6192557,138725341.0000,3,0.029738,1,0.178169,0
2018-09-28,sh.601628,22.5500,22.9600,22.4400,22.6800,22.4900,8826615,200163489.0000,3,0.042388,1,0.844822,0
2018-10-08,sh.601628,22.1500,22.1900,21.6500,21.7300,22.6800,9067448,198491237.0000,3,0.043544,1,-4.188715,0
2018-10-09,sh.601628,21.6000,21.8100,21.4900,21.7300,21.7300,4303615,93213121.0000,3,0.020667,1,0.000000,0
2018-10-10,sh.601628,21.6500,21.9500,21.5000,21.7200,21.7300,3814337,82724383.0000,3,0.018317,1,-0.046020,0
2018-10-11,sh.601628,21.0000,21.3800,20.7200,21.0000,21.7200,8010227,168752595.0000,3,0.038467,1,-3.314914,0
2018-10-12,sh.601628,21.1100,21.4500,20.8200,21.3900,21.0000,8303725,175352471.0000,3,0.039877,1,1.857140,0
2018-10-15,sh.601628,21.2300,21.3800,21.0100,21.0600,21.3900,3862999,81706566.0000,3,0.018551,1,-1.542777,0
2018-10-16,sh.601628,21.1000,21.4800,21.0100,21.1700,21.0600,5251473,111602398.0000,3,0.025219,1,0.522320,0
2018-10-17,sh.601628,21.4200,21.4700,21.0800,21.3400,21.1700,5256252,112224931.0000,3,0.025242,1,0.803024,0
2018-10-18,sh.601628,21.1800,21.4000,20.8800,20.9200,21.3400,5059611,106685630.0000,3,0.024298,1,-1.968135,0
2018-10-19,sh.601628,20.6900,21.9600,20.6600,21.7700,20.9200,10469080,223721753.0000,3,0.050275,1,4.063099,0
2018-10-22,sh.601628,21.7500,23.8500,21.7000,23.3200,21.7700,20474665,466848719.0000,3,0.098325,1,7.119886,0
2018-10-23,sh.601628,23.1900,23.3000,22.5700,22.6500,23.3200,12682421,291074289.0000,3,0.060904,1,-2.873071,0
2018-10-24,sh.601628,22.6500,23.3400,22.6200,22.8700,22.6500,13462321,309817752.0000,3,0.064650,1,0.971308,0
2018-10-25,sh.601628,22.4500,23.3500,22.3300,23.3500,22.8700,10982281,251510906.0000,3,0.052740,1,2.098817,0
2018-10-26,sh.601628,23.0500,23.2000,22.3300,22.5300,23.3500,12532254,284393414.0000,3,0.060183,1,-3.511776,0
2018-10-29,sh.601628,22.7500,22.7500,21.3100,21.6700,22.5300,12426006,271883719.0000,3,0.059673,1,-3.817136,0
2018-10-30,sh.601628,21.6900,22.2200,21.5100,21.6700,21.6700,10732426,234973851.0000,3,0.051540,1,0.000000,0
2018-10-31,sh.601628,21.8200,21.9900,21.3800,21.8700,21.6700,8467750,183723416.0000,3,0.040664,1,0.922938,0
2018-11-01,sh.601628,21.9900,22.5100,21.8100,21.8700,21.8700,11579112,256044849.0000,3,0.055606,1,0.000000,0
2018-11-02,sh.601628,22.3500,22.7200,21.9600,22.6700,21.8700,17822292,398737337.0000,3,0.085587,1,3.657975,0
2018-11-05,sh.601628,22.4500,22.7000,22.1200,22.7000,22.6700,11210869,251018457.0000,3,0.053838,1,0.132336,0
2018-11-06,sh.601628,22.5600,22.7500,22.3600,22.6400,22.7000,6929400,156230040.0000,3,0.033277,1,-0.264323,0
2018-11-07,sh.601628,22.6400,22.6800,22.1800,22.2500,22.6400,6661212,149211962.0000,3,0.031989,1,-1.722612,0
2018-11-08,sh.601628,22.4800,22.4800,22.1700,22.2500,22.2500,4773407,106625184.0000,3,0.022923,1,0.000000,0
2018-11-09,sh.601628,22.1000,22.3000,21.7900,21.8600,22.2500,5917476,130200755.0000,3,0.028417,1,-1.752806,0
2018-11-12,sh.601628,21.8800,22.0900,21.6000,22.0100,21.8600,5115493,111851524.0000,3,0.024566,1,0.686183,0
2018-11-13,sh.601628,21.7000,22.5000,21.6500,22.2500,22.0100,7846795,173671572.0000,3,0.037682,1,1.090412,0
2018-11-14,sh.601628,22.3200,22.4500,21.8800,22.0100,22.2500,6237951,137780761.0000,3,0.029956,1,-1.078651,0
2018-11-15,sh.601628,22.0000,22.6900,22.0000,22.6900,22.0100,10394653,232736322.0000,3,0.049918,1,3.089506,0
2018-11-16,sh.601628,22.6900,22.8700,22.3600,22.5700,22.6900,11627793,263129200.0000,3,0.055840,1,-0.528871,0
2018-11-19,sh.601628,22.5700,22.8600,22.4500,22.7300,22.5700,9568019,216749844.0000,3,0.045948,1,0.708905,0
2018-11-20,sh.601628,22.6500,22.6500,22.0500,22.0800,22.7300,10725278,238467535.0000,3,0.051506,1,-2.859655,0
2018-11-21,sh.601628,22.0000,22.2100,21.8100,21.9200,22.0800,7351043,161405875.0000,3,0.035302,1,-0.724637,0
2018-11-22,sh.601628,22.0400,22.0400,21.7100,21.9000,21.9200,5483141,119847347.0000,3,0.026331,1,-0.091243,0
2018-11-23,sh.601628,21.9000,22.1000,21.3800,21.4100,21.9000,6545455,141518251.0000,3,0.031433,1,-2.237442,0
2018-11-26,sh.601628,21.6200,21.7100,21.3200,21.4300,21.4100,3969663,85321220.0000,3,0.019063,1,0.093416,0
2018-11-27,sh.601628,21.4400,21.6500,21.3000,21.4100,21.4300,3665283,78694999.0000,3,0.017602,1,-0.093329,0
2018-11-28,sh.601628,21.3900,21.6900,21.3600,21.6000,21.4100,4089217,88238737.0000,3,0.019637,1,0.887438,0
2018-11-29,sh.601628,21.7200,21.7400,21.4700,21.4800,21.6000,4068047,87882129.0000,3,0.019536,1,-0.555559,0
2018-11-30,sh.601628,21.3800,21.6300,21.3800,21.5800,21.4800,3418519,73615839.0000,3,0.016417,1,0.465551,0
2018-12-03,sh.601628,22.1200,22.3300,21.8500,22.1900,21.5800,10153882,224859275.0000,3,0.048762,1,2.826694,0
2018-12-04,sh.601628,22.1700,22.2100,21.9900,22.2000,22.1900,3741247,82674003.0000,3,0.017966,1,0.045066,0
2018-12-05,sh.601628,21.9000,22.1600,21.8700,22.0100,22.2000,3923520,86243076.0000,3,0.018842,1,-0.855858,0
2018-12-06,sh.601628,21.7100,21.9000,21.5200,21.5900,22.0100,5055833,109337004.0000,3,0.024279,1,-1.908224,0
2018-12-07,sh.601628,21.5500,21.6800,21.5100,21.5500,21.5900,2387911,51534983.0000,3,0.011467,1,-0.185275,0
2018-12-10,sh.601628,21.3900,21.5500,21.2300,21.3000,21.5500,3657307,77966485.0000,3,0.017563,1,-1.160093,0
2018-12-11,sh.601628,21.2900,21.4500,21.2700,21.3700,21.3000,2561620,54695684.0000,3,0.012302,1,0.328646,0
2018-12-12,sh.601628,21.5800,21.5800,21.4000,21.4700,21.3700,2560372,54949358.0000,3,0.012296,1,0.467938,0
2018-12-13,sh.601628,21.4800,21.7300,21.3200,21.6600,21.4700,4448782,96161256.0000,3,0.021364,1,0.884958,0
2018-12-14,sh.601628,21.5200,21.5900,21.2800,21.2800,21.6600,4659336,99715136.0000,3,0.022375,1,-1.754382,0
2018-12-17,sh.601628,21.3300,21.6000,21.3000,21.5500,21.2800,4217587,90615205.0000,3,0.020254,1,1.268790,0
2018-12-18,sh.601628,21.4600,21.6700,21.3100,21.4100,21.5500,4173797,89762152.0000,3,0.020044,1,-0.649649,0
2018-12-19,sh.601628,21.4500,21.6900,21.4000,21.5600,21.4100,4430506,95625755.0000,3,0.021276,1,0.700605,0
2018-12-20,sh.601628,21.5000,21.7300,21.3100,21.5000,21.5600,4217267,90678949.0000,3,0.020252,1,-0.278291,0
2018-12-21,sh.601628,21.3400,21.5000,21.0500,21.2800,21.5000,4797949,101613154.0000,3,0.023041,1,-1.023253,0
2018-12-24,sh.601628,21.0000,21.2000,20.8100,20.9300,21.2800,5526191,115723485.0000,3,0.026538,1,-1.644739,0
2018-12-25,sh.601628,20.7000,20.7100,20.1800,20.5100,20.9300,6456008,131752810.0000,3,0.031003,1,-2.006689,0
2018-12-26,sh.601628,20.4700,20.6300,20.1800,20.3300,20.5100,3943333,80470750.0000,3,0.018937,1,-0.877622,0
2018-12-27,sh.601628,20.5300,20.6200,20.1600,20.3600,20.3300,7459513,151963955.0000,3,0.035823,1,0.147569,0
2018-12-28,sh.601628,20.3700,20.6400,20.3700,20.3900,20.3600,5282189,108299127.0000,3,0.025366,1,0.147342,0
2019-01-02,sh.601628,20.4000,20.5200,19.7800,19.9500,20.3900,6405140,127969762.0000,3,0.030759,1,-2.157914,0
2019-01-03,sh.601628,19.9400,20.3300,19.9200,20.1600,19.9500,4615331,92670930.0000,3,0.022164,1,1.052627,0
2019-01-04,sh.601628,19.9800,20.6400,19.8500,20.4900,20.1600,7616571,155085458.0000,3,0.036577,1,1.636904,0
2019-01-07,sh.601628,20.5900,20.6200,20.0800,20.2300,20.4900,10220504,207967607.0000,3,0.049082,1,-1.268913,0
2019-01-08,sh.601628,20.2400,20.3300,19.9000,19.9900,20.2300,7991502,160148530.0000,3,0.038377,1,-1.186356,0
2019-01-09,sh.601628,20.2000,20.5400,20.1100,20.3300,19.9900,9609731,195709419.0000,3,0.046148,1,1.700851,0
2019-01-10,sh.601628,20.2100,20.3800,20.0000,20.3000,20.3300,6042830,122296881.0000,3,0.029019,1,-0.147569,0
2019-01-11,sh.601628,20.2800,20.6400,20.2600,20.4500,20.3000,6613380,135345410.0000,3,0.031759,1,0.738924,0
2019-01-14,sh.601628,20.2200,20.4400,20.1100,20.1700,20.4500,6523505,131769661.0000,3,0.031328,1,-1.369196,0
2019-01-15,sh.601628,20.2800,20.5100,20.1500,20.4700,20.1700,5577333,113624137.0000,3,0.026784,1,1.487354,0
2019-01-16,sh.601628,20.3900,20.8700,20.3400,20.8300,20.4700,9244208,191026891.0000,3,0.044393,1,1.758674,0
2019-01-17,sh.601628,20.9500,21.5100,20.9500,21.0800,20.8300,16268009,345532373.0000,3,0.078123,1,1.200192,0
2019-01-18,sh.601628,21.3000,21.5500,21.1000,21.5100,21.0800,10901105,233518588.0000,3,0.052350,1,2.039850,0
2019-01-21,sh.601628,21.4100,22.2600,21.3900,22.2600,21.5100,17423311,384186195.0000,3,0.083671,1,3.486750,0
2019-01-22,sh.601628,22.2700,22.2800,21.8100,21.9000,22.2600,7160588,157531912.0000,3,0.034387,1,-1.617253,0
2019-01-23,sh.601628,21.7900,22.1900,21.7200,21.9000,21.9000,5083569,111431711.0000,3,0.024413,1,0.000000,0
2019-01-24,sh.601628,22.0900,22.1000,21.6500,21.8500,21.9000,4731661,103468622.0000,3,0.022723,1,-0.228307,0
2019-01-25,sh.601628,22.0400,22.5800,22.0000,22.3000,21.8500,10451315,233068776.0000,3,0.050190,1,2.059491,0
2019-01-28,sh.601628,22.3900,22.6400,22.0300,22.2800,22.3000,5384303,120391639.0000,3,0.025857,1,-0.089680,0
2019-01-29,sh.601628,22.0800,22.6200,22.0300,22.4700,22.2800,7393981,165300426.0000,3,0.035508,1,0.852777,0
2019-01-30,sh.601628,21.5000,22.3100,21.5000,22.0600,22.4700,16367859,360057636.0000,3,0.078603,1,-1.824654,0
2019-01-31,sh.601628,22.0600,23.0900,21.8100,22.7600,22.0600,16392734,371691740.0000,3,0.078722,1,3.173168,0
2019-02-01,sh.601628,23.0000,23.1300,22.6000,22.8700,22.7600,9042996,206245324.0000,3,0.043427,1,0.483307,0
2019-02-11,sh.601628,22.5800,22.9500,22.3200,22.8500,22.8700,9219390,208656958.0000,3,0.044274,1,-0.087453,0
2019-02-12,sh.601628,22.8500,22.9000,22.5100,22.7000,22.8500,8036038,181803839.0000,3,0.038591,1,-0.656454,0
2019-02-13,sh.601628,22.6500,23.5300,22.5400,23.2900,22.7000,15618631,358726500.0000,3,0.075005,1,2.599120,0
2019-02-14,sh.601628,23.1600,23.2700,23.0500,23.1400,23.2900,7134010,165142273.0000,3,0.034259,1,-0.644060,0
2019-02-15,sh.601628,23.0600,23.2000,22.4300,22.4600,23.1400,8805303,199716894.0000,3,0.042285,1,-2.938636,0
2019-02-18,sh.601628,22.6000,23.6000,22.6000,23.4500,22.4600,13332591,307958078.0000,3,0.064027,1,4.407844,0
2019-02-19,sh.601628,23.4500,24.8800,23.4100,24.2000,23.4500,24890149,604724662.0000,3,0.119529,1,3.198294,0
2019-02-20,sh.601628,24.3700,25.2000,24.1600,25.1800,24.2000,20611178,512799585.0000,3,0.098980,1,4.049585,0
2019-02-21,sh.601628,25.0800,25.4100,24.4000,24.4500,25.1800,16541491,411476084.0000,3,0.079437,1,-2.899124,0
2019-02-22,sh.601628,24.8400,26.1100,24.1800,25.9600,24.4500,27511207,688644137.0000,3,0.132116,1,6.175862,0
2019-02-25,sh.601628,27.0000,28.5600,26.9500,28.5600,25.9600,53687804,1509784947.0000,3,0.257823,1,10.015410,0
2019-02-26,sh.601628,29.7100,29.8500,28.3000,28.5500,28.5600,45881960,1338445155.0000,3,0.220337,1,-0.035015,0
2019-02-27,sh.601628,28.1700,30.0000,28.1600,29.3000,28.5500,34254374,1000060924.0000,3,0.164498,1,2.626970,0
2019-02-28,sh.601628,29.0000,29.0700,28.1900,28.3800,29.3000,15017327,428796500.0000,3,0.072117,1,-3.139932,0
2019-03-01,sh.601628,28.2400,31.1000,28.2400,31.1000,28.3800,30886762,911324447.0000,3,0.148326,1,9.584219,0
2019-03-04,sh.601628,31.1000,33.0000,30.3300,31.0200,31.1000,49801476,1563225374.0000,3,0.239160,1,-0.257234,0
2019-03-05,sh.601628,30.7300,30.8500,29.9600,30.7100,31.0200,26138201,794216773.0000,3,0.125522,1,-0.999360,0
2019-03-06,sh.601628,30.3000,31.5000,30.0000,31.4800,30.7100,26634070,814293890.0000,3,0.127904,1,2.507328,0
2019-03-07,sh.601628,31.1000,31.1000,29.9600,30.3500,31.4800,28825356,877943347.0000,3,0.138427,1,-3.589578,0
2019-03-08,sh.601628,28.6600,29.3800,27.8900,28.1600,30.3500,33792035,964942544.0000,3,0.162278,1,-7.215817,0
2019-03-11,sh.601628,28.0800,29.0000,27.7400,28.8000,28.1600,25054494,711490882.0000,3,0.120318,1,2.272725,0
2019-03-12,sh.601628,28.8800,29.5000,28.3000,28.6000,28.8000,19009298,551190174.0000,3,0.091288,1,-0.694441,0
2019-03-13,sh.601628,28.6800,29.1500,28.1200,28.7400,28.6000,17984824,514989213.0000,3,0.086368,1,0.489508,0
2019-03-14,sh.601628,28.7500,29.0700,28.1600,28.3800,28.7400,16802433,482128385.0000,3,0.080690,1,-1.252612,0
2019-03-15,sh.601628,28.3900,29.5800,28.3900,28.7500,28.3800,18439111,536108417.0000,3,0.088549,1,1.303738,0
2019-03-18,sh.601628,28.8500,29.9600,28.3900,29.6000,28.7500,20910506,611753869.0000,3,0.100418,1,2.956523,0
2019-03-19,sh.601628,29.7200,30.3700,29.4000,29.5700,29.6000,18555028,556057899.0000,3,0.089106,1,-0.101354,0
2019-03-20,sh.601628,29.2800,29.8800,28.8600,29.4200,29.5700,15586118,456954812.0000,3,0.074849,1,-0.507270,0
2019-03-21,sh.601628,29.4000,29.9400,29.0400,29.4000,29.4200,17120649,505806440.0000,3,0.082218,1,-0.067983,0
2019-03-22,sh.601628,29.4000,29.4000,28.5100,28.8900,29.4000,13260813,383046705.0000,3,0.063682,1,-1.734695,0
2019-03-25,sh.601628,28.3500,28.3500,27.2600,27.3200,28.8900,24799987,688637116.0000,3,0.119096,1,-5.434405,0
2019-03-26,sh.601628,27.6000,27.6500,26.8000,26.9000,27.3200,14108938,384497854.0000,3,0.067755,1,-1.537336,0
2019-03-27,sh.601628,27.2100,27.3900,26.8700,26.9900,26.9000,9086574,246421066.0000,3,0.043636,1,0.334573,0
2019-03-28,sh.601628,26.7200,26.7500,26.1500,26.3800,26.9900,16663801,440623458.0000,3,0.080024,1,-2.260099,0
2019-03-29,sh.601628,26.5500,28.3300,26.4400,28.3200,26.3800,25958803,717613806.0000,3,0.124661,1,7.354058,0
2019-04-01,sh.601628,28.4900,29.6000,28.4900,28.8200,28.3200,27800104,806555416.0000,3,0.133503,1,1.765537,0
2019-04-02,sh.601628,28.9200,29.3200,28.5400,28.9000,28.8200,17790978,514976288.0000,3,0.085437,1,0.277585,0
2019-04-03,sh.601628,28.5500,28.9500,28.2800,28.9000,28.9000,19458912,556997287.0000,3,0.093447,1,0.000000,0
2019-04-04,sh.601628,29.2800,30.0500,29.0200,29.3500,28.9000,24096895,712700237.0000,3,0.115720,1,1.557096,0
2019-04-08,sh.601628,29.4200,30.4900,29.3100,30.1200,29.3500,30716583,919198731.0000,3,0.147509,1,2.623511,0
2019-04-09,sh.601628,29.8200,30.1200,29.0000,29.3600,30.1200,14184836,418511904.0000,3,0.068119,1,-2.523241,0
2019-04-10,sh.601628,29.0000,29.4800,28.5000,29.0700,29.3600,12981322,374600414.0000,3,0.062340,1,-0.987742,0
2019-04-11,sh.601628,28.9900,29.4800,28.5000,28.6500,29.0700,11054435,319202970.0000,3,0.053086,1,-1.444789,0
2019-04-12,sh.601628,28.7300,29.1000,28.4000,28.5900,28.6500,7455885,213770424.0000,3,0.035805,1,-0.209422,0
2019-04-15,sh.601628,29.2000,30.1000,28.9200,28.9600,28.5900,24897144,739179955.0000,3,0.119563,1,1.294155,0
2019-04-16,sh.601628,28.9100,30.2000,28.8600,30.1000,28.9600,21294936,632977692.0000,3,0.102264,1,3.936469,0
2019-04-17,sh.601628,30.0000,30.5100,29.6000,29.8400,30.1000,18991898,570034943.0000,3,0.091204,1,-0.863788,0
2019-04-18,sh.601628,29.7200,30.1700,29.4000,30.0900,29.8400,10982628,327475674.0000,3,0.052741,1,0.837802,0
2019-04-19,sh.601628,31.0000,31.6500,30.6300,31.3800,30.0900,31186274,970760380.0000,3,0.149765,1,4.287135,0
2019-04-22,sh.601628,31.5000,31.5000,29.8000,29.8800,31.3800,26261682,803003802.0000,3,0.126115,1,-4.780115,0
2019-04-23,sh.601628,29.6800,30.5600,29.5500,30.1300,29.8800,14804321,444619162.0000,3,0.071094,1,0.836680,0
2019-04-24,sh.601628,30.2600,30.3000,29.1800,29.7000,30.1300,12797058,380901983.0000,3,0.061455,1,-1.427144,0
2019-04-25,sh.601628,29.4500,30.0900,29.3600,29.4900,29.7000,13142848,389838409.0000,3,0.063115,1,-0.707074,0
2019-04-26,sh.601628,29.5200,30.8000,29.4200,30.0800,29.4900,24374512,735374123.0000,3,0.117053,1,2.000679,0
2019-04-29,sh.601628,30.3600,31.2800,30.0200,30.9900,30.0800,27241440,837215014.0000,3,0.130820,1,3.025265,0
2019-04-30,sh.601628,30.6800,30.9000,29.7700,30.3000,30.9900,18961876,573089038.0000,3,0.091060,1,-2.226526,0
2019-05-06,sh.601628,29.0000,29.1900,27.2700,27.5800,30.3000,30502684,852156079.0000,3,0.146482,1,-8.976895,0
2019-05-07,sh.601628,27.9400,28.1600,27.2000,27.6700,27.5800,18270839,505330795.0000,3,0.087741,1,0.326324,0
2019-05-08,sh.601628,26.8400,27.4700,26.5400,27.0000,27.6700,13346651,359825902.0000,3,0.064094,1,-2.421395,0
2019-05-09,sh.601628,26.7400,26.9500,25.8600,26.0000,27.0000,16243555,426052318.0000,3,0.078006,1,-3.703704,0
2019-05-10,sh.601628,26.2500,27.0800,25.8200,27.0100,26.0000,19281978,512642530.0000,3,0.092597,1,3.884616,0
2019-05-13,sh.601628,26.6400,26.6400,25.3100,25.4300,27.0100,26944276,697146153.0000,3,0.129393,1,-5.849685,0
2019-05-14,sh.601628,25.0600,26.0000,25.0600,25.7300,25.4300,16002119,411245663.0000,3,0.076846,1,1.179706,0
2019-05-15,sh.601628,25.9300,26.3500,25.7800,26.1200,25.7300,14905321,388427941.0000,3,0.071579,1,1.515746,0
2019-05-16,sh.601628,26.0000,26.3000,25.8000,26.0300,26.1200,8317459,216189547.0000,3,0.039943,1,-0.344564,0
2019-05-17,sh.601628,26.0600,26.0800,25.2300,25.3500,26.0300,11403828,290997608.0000,3,0.054764,1,-2.612371,0
2019-05-20,sh.601628,25.0200,25.7900,24.9800,25.5200,25.3500,8206636,209036376.0000,3,0.039410,1,0.670612,0
2019-05-21,sh.601628,25.4500,25.9800,25.3600,25.7600,25.5200,11385840,292999194.0000,3,0.054678,1,0.940438,0
2019-05-22,sh.601628,25.7200,25.8600,25.3000,25.4500,25.7600,7164728,182666603.0000,3,0.034407,1,-1.203414,0
2019-05-23,sh.601628,25.4400,25.4400,25.0100,25.1400,25.4500,9175146,230696402.0000,3,0.044061,1,-1.218080,0
2019-05-24,sh.601628,25.3000,25.5000,25.2000,25.3000,25.1400,8413925,213323831.0000,3,0.040406,1,0.636435,0
2019-05-27,sh.601628,25.2100,25.7200,24.8000,25.6600,25.3000,13554738,342438391.0000,3,0.065093,1,1.422927,0
2019-05-28,sh.601628,25.4400,25.8900,25.4200,25.7100,25.6600,11749340,301270478.0000,3,0.056423,1,0.194853,0
2019-05-29,sh.601628,25.5000,27.8800,25.3100,26.9500,25.7100,34307632,917721845.0000,3,0.164754,1,4.823033,0
2019-05-30,sh.601628,26.5000,26.7100,26.1000,26.3700,26.9500,13652984,360043584.0000,3,0.065565,1,-2.152133,0
2019-05-31,sh.601628,26.4000,26.5800,26.1100,26.1200,26.3700,10376320,273062188.0000,3,0.049830,1,-0.948047,0
2019-06-03,sh.601628,26.2100,26.6500,25.8900,26.2100,26.1200,11330565,297225442.0000,3,0.054412,1,0.344557,0
2019-06-04,sh.601628,26.2000,26.2500,25.7100,26.0400,26.2100,8754622,227351628.0000,3,0.042042,1,-0.648600,0
2019-06-05,sh.601628,26.3500,26.4300,26.0000,26.0600,26.0400,8604396,225499869.0000,3,0.041321,1,0.076799,0
2019-06-06,sh.601628,26.0300,26.3800,25.9400,26.0700,26.0600,8319083,217619528.0000,3,0.039950,1,0.038374,0
2019-06-10,sh.601628,26.2600,26.6000,26.0800,26.4500,26.0700,10333131,272755598.0000,3,0.049622,1,1.457618,0
2019-06-11,sh.601628,26.3700,27.2900,26.3300,27.0600,26.4500,18385085,494874783.0000,3,0.088290,1,2.306233,0
2019-06-12,sh.601628,26.8800,27.0800,26.7000,26.7900,27.0600,7694839,206468407.0000,3,0.036953,1,-0.997777,0
2019-06-13,sh.601628,26.7100,26.9500,26.4400,26.7900,26.7900,7650338,204313187.0000,3,0.036739,1,0.000000,0
2019-06-14,sh.601628,26.7900,27.0800,26.4200,26.5800,26.7900,8344999,222421791.0000,3,0.040075,1,-0.783878,0
2019-06-17,sh.601628,26.6000,26.9300,26.5300,26.7400,26.5800,6810626,182271297.0000,3,0.032706,1,0.601956,0
2019-06-18,sh.601628,26.7400,26.8900,26.6100,26.8300,26.7400,5681182,152180438.0000,3,0.027283,1,0.336575,0
2019-06-19,sh.601628,27.5500,27.6600,26.8000,26.8200,26.6700,13196991,359359276.0000,3,0.063375,1,0.562428,0
2019-06-20,sh.601628,26.9700,28.4400,26.9300,28.3800,26.8200,28915266,806630080.0000,3,0.138859,1,5.816553,0
2019-06-21,sh.601628,28.3600,28.6000,27.9800,28.2600,28.3800,15584094,439183222.0000,3,0.074839,1,-0.422829,0
2019-06-24,sh.601628,28.3000,28.6800,28.0200,28.4800,28.2600,10754714,304824309.0000,3,0.051647,1,0.778483,0
2019-06-25,sh.601628,28.4800,28.4800,27.5200,27.9200,28.4800,11111888,310235287.0000,3,0.053362,1,-1.966290,0
2019-06-26,sh.601628,27.6900,28.2600,27.6400,28.0000,27.9200,8373010,234697254.0000,3,0.040209,1,0.286533,0
2019-06-27,sh.601628,28.1900,28.6600,28.0600,28.4700,28.0000,11679307,332612894.0000,3,0.056087,1,1.678569,0
2019-06-28,sh.601628,28.5700,28.5800,28.1100,28.3200,28.4700,8264236,233800371.0000,3,0.039687,1,-0.526869,0
2019-07-01,sh.601628,28.9500,29.8300,28.8800,29.7600,28.3200,19606349,576239785.0000,3,0.094155,1,5.084748,0
2019-07-02,sh.601628,29.7000,29.7000,29.1200,29.3500,29.7600,10687404,314352833.0000,3,0.051324,1,-1.377688,0
2019-07-03,sh.601628,29.2800,29.3500,28.8300,29.0300,29.3500,9292596,269528255.0000,3,0.044625,1,-1.090289,0
2019-07-04,sh.601628,29.1500,29.2800,28.6100,28.7500,29.0300,7673190,221669350.0000,3,0.036849,1,-0.964522,0
2019-07-05,sh.601628,28.9600,29.5000,28.8300,29.3700,28.7500,10701364,313156992.0000,3,0.051391,1,2.156525,0
2019-07-08,sh.601628,29.1200,29.1300,28.1000,28.3000,29.3700,12852183,365757623.0000,3,0.061720,1,-3.643178,0
2019-07-09,sh.601628,28.2200,28.5500,28.1800,28.4100,28.3000,6982858,197886466.0000,3,0.033533,1,0.388695,0
2019-07-10,sh.601628,28.6500,28.7800,28.2600,28.2700,28.4100,6772807,192980386.0000,3,0.032525,1,-0.492782,0
2019-07-11,sh.601628,28.6100,29.6700,28.5100,29.2000,28.2700,24436965,714533598.0000,3,0.117353,1,3.289707,0
2019-07-12,sh.601628,29.1600,31.0500,29.1600,30.6700,29.2000,31539921,952508012.0000,3,0.151463,1,5.034244,0
2019-07-15,sh.601628,30.4900,31.0500,29.9900,30.6800,30.6700,20307849,619996897.0000,3,0.097524,1,0.032606,0
2019-07-16,sh.601628,30.4600,30.7200,29.9400,30.1300,30.6800,15277653,460722405.0000,3,0.073367,1,-1.792702,0
2019-07-17,sh.601628,30.0000,30.2800,29.7800,30.0600,30.1300,12922776,387904513.0000,3,0.062059,1,-0.232326,0
2019-07-18,sh.601628,29.8000,30.3700,29.6400,30.0800,30.0600,12186913,366592899.0000,3,0.058525,1,0.066535,0
2019-07-19,sh.601628,30.0700,30.4400,29.9100,30.1300,30.0800,12190538,367640293.0000,3,0.058542,1,0.166221,0
2019-07-22,sh.601628,30.1900,30.7900,29.7200,30.2500,30.1300,15352126,464880282.0000,3,0.073725,1,0.398277,0
2019-07-23,sh.601628,30.3600,30.3900,29.3700,29.8000,30.2500,13057337,389272453.0000,3,0.062705,1,-1.487606,0
2019-07-24,sh.601628,29.8200,30.7800,29.8200,30.5000,29.8000,15096654,458886843.0000,3,0.072498,1,2.348996,0
2019-07-25,sh.601628,30.4600,30.7600,30.1500,30.6800,30.5000,11177314,340236664.0000,3,0.053676,1,0.590165,0
2019-07-26,sh.601628,30.3100,30.5600,30.0900,30.3000,30.6800,8237553,249488620.0000,3,0.039600,1,-1.238600,0
2019-07-29,sh.601628,30.2500,30.2700,29.7000,29.9300,30.3000,12687909,378974371.0000,3,0.060931,1,-1.221119,0
2019-07-30,sh.601628,30.5300,30.8800,30.2000,30.3600,29.9300,18642450,569254247.0000,3,0.089500,1,1.436700,0
2019-07-31,sh.601628,30.2000,30.2700,29.6900,29.6900,30.3600,16308068,487488928.0000,3,0.078300,1,-2.206900,0
2019-08-01,sh.601628,29.4000,29.7700,29.1000,29.5700,29.6900,15712787,462202728.0000,3,0.075500,1,-0.404200,0
2019-08-02,sh.601628,28.9100,29.2400,28.8000,29.0300,29.5700,12070263,350465825.0000,3,0.058000,1,-1.826200,0
2019-08-05,sh.601628,28.9800,29.0300,28.3200,28.5000,29.0300,11852491,339928387.0000,3,0.056900,1,-1.825700,0
2019-08-06,sh.601628,28.0000,28.4800,27.5200,28.3600,28.5000,17355844,486073387.0000,3,0.083300,1,-0.491200,0
2019-08-07,sh.601628,28.5500,28.5800,27.9000,27.9000,28.3600,11232630,316345356.0000,3,0.053900,1,-1.622000,0
2019-08-08,sh.601628,28.3200,28.3400,27.9000,28.1000,27.9000,8898082,250054453.0000,3,0.042700,1,0.716800,0
2019-08-09,sh.601628,28.2800,28.4700,28.0300,28.1700,28.1000,11322104,319937447.0000,3,0.054400,1,0.249100,0
2019-08-12,sh.601628,28.0000,28.5500,27.8700,28.5500,28.1700,10878271,307664762.0000,3,0.052200,1,1.348900,0
2019-08-13,sh.601628,28.2800,28.2900,27.6600,27.7000,28.5500,11341577,316092983.0000,3,0.054500,1,-2.977200,0
2019-08-14,sh.601628,28.1200,28.2000,27.7500,27.7500,27.7000,8068911,225393217.0000,3,0.038700,1,0.180500,0
2019-08-15,sh.601628,27.7500,28.0800,27.2700,28.0400,27.7500,11092148,306776758.0000,3,0.053300,1,1.045000,0
2019-08-16,sh.601628,28.1700,28.3800,27.8000,28.2500,28.0400,9723506,273971529.0000,3,0.046700,1,0.748900,0
2019-08-19,sh.601628,28.2900,29.2800,28.2800,29.2000,28.2500,15913905,457702763.0000,3,0.076400,1,3.362800,0
2019-08-20,sh.601628,29.0800,29.1700,28.7100,28.8100,29.2000,9383464,271611576.0000,3,0.045100,1,-1.335600,0
2019-08-21,sh.601628,28.7100,29.0500,28.6600,29.0400,28.8100,6583544,190323909.0000,3,0.031600,1,0.798300,0
2019-08-22,sh.601628,29.0100,29.0500,28.7300,28.9100,29.0400,6419223,185363486.0000,3,0.030800,1,-0.447700,0
2019-08-23,sh.601628,28.9800,29.7400,28.9800,29.4100,28.9100,17256591,508277255.0000,3,0.082900,1,1.729500,0
2019-08-26,sh.601628,28.9000,29.2000,28.6400,28.7100,29.4100,12972085,374176891.0000,3,0.062300,1,-2.380100,0
2019-08-27,sh.601628,29.0300,29.6700,28.9000,29.5500,28.7100,16246558,477161437.0000,3,0.078000,1,2.925800,0
2019-08-28,sh.601628,29.3500,29.4200,28.8900,29.0200,29.5500,11156162,324625988.0000,3,0.053600,1,-1.793600,0
2019-08-29,sh.601628,29.0200,29.1100,28.5500,28.6400,29.0200,8336786,239055933.0000,3,0.040000,1,-1.309400,0
2019-08-30,sh.601628,28.8900,29.1200,28.6400,28.8500,28.6400,8892401,256649933.0000,3,0.042700,1,0.733200,0
2019-09-02,sh.601628,29.0500,29.1500,28.6500,28.9300,28.8500,13019263,376487838.0000,3,0.062500,1,0.277300,0
2019-09-03,sh.601628,28.9500,29.0800,28.7100,28.8600,28.9300,10223043,295230039.0000,3,0.049100,1,-0.242000,0
2019-09-04,sh.601628,28.8600,29.2600,28.7700,29.2600,28.8600,15002635,435990093.0000,3,0.072000,1,1.386000,0
2019-09-05,sh.601628,29.4100,30.0400,29.2900,29.6000,29.2600,30102287,896022434.0000,3,0.144600,1,1.162000,0
2019-09-06,sh.601628,29.7900,29.8000,29.2600,29.6000,29.6000,17901410,527566157.0000,3,0.086000,1,0.000000,0
2019-09-09,sh.601628,29.8200,29.9000,29.1800,29.4700,29.6000,19519736,574184314.0000,3,0.093700,1,-0.439200,0
2019-09-10,sh.601628,29.4700,29.4900,28.9700,29.1400,29.4700,13793465,401746429.0000,3,0.066200,1,-1.119800,0
2019-09-11,sh.601628,29.3000,29.3800,29.1600,29.2800,29.1400,11040623,323279816.0000,3,0.053000,1,0.480400,0
2019-09-12,sh.601628,29.4000,29.8500,29.2900,29.8000,29.2800,16723285,494260541.0000,3,0.080300,1,1.776000,0
2019-09-16,sh.601628,29.7500,29.7500,29.1500,29.3100,29.8000,14594854,427949725.0000,3,0.070100,1,-1.644300,0
2019-09-17,sh.601628,29.2800,29.3100,28.6300,28.7100,29.3100,10440489,301929183.0000,3,0.050100,1,-2.047100,0
2019-09-18,sh.601628,28.8800,28.9300,28.5600,28.6800,28.7100,5920751,170101108.0000,3,0.028400,1,-0.104500,0
2019-09-19,sh.601628,28.8600,28.8800,28.4500,28.8100,28.6800,6653693,191027684.0000,3,0.032000,1,0.453300,0
2019-09-20,sh.601628,28.8200,29.0700,28.8100,28.9700,28.8100,9901733,286651525.0000,3,0.047600,1,0.555400,0
2019-09-23,sh.601628,28.8000,28.8700,28.3500,28.6300,28.9700,7389585,210503734.0000,3,0.035500,1,-1.173600,0
2019-09-24,sh.601628,28.6300,28.7700,28.4000,28.5000,28.6300,9575986,273618005.0000,3,0.046000,1,-0.454100,0
2019-09-25,sh.601628,28.5000,28.6300,28.0600,28.1500,28.5000,7638499,215934052.0000,3,0.036700,1,-1.228100,0
2019-09-26,sh.601628,28.3200,28.5600,28.0100,28.1100,28.1500,7704973,217997606.0000,3,0.037000,1,-0.142100,0
2019-09-27,sh.601628,28.0200,28.1400,27.8500,28.0600,28.1100,5675055,158660761.0000,3,0.027300,1,-0.177900,0
2019-09-30,sh.601628,27.8600,28.1100,27.4600,27.4800,28.0600,7342535,204222963.0000,3,0.035300,1,-2.067000,0
2019-10-08,sh.601628,27.4900,27.9100,27.4800,27.6600,27.4800,6301937,174514527.0000,3,0.030300,1,0.655000,0
2019-10-09,sh.601628,27.4900,27.8100,27.2800,27.7400,27.6600,5771500,159183590.0000,3,0.027700,1,0.289200,0
2019-10-10,sh.601628,27.7400,28.0500,27.6000,27.9300,27.7400,7041110,196429567.0000,3,0.033800,1,0.684900,0
2019-10-11,sh.601628,28.2000,28.5000,27.9000,28.4100,27.9300,8471187,239560402.0000,3,0.040700,1,1.718600,0
2019-10-14,sh.601628,28.6300,29.1400,28.5800,29.0200,28.4100,16393350,474943766.0000,3,0.078700,1,2.147100,0
2019-10-15,sh.601628,29.1500,29.1800,28.9300,29.0500,29.0200,11980718,348288459.0000,3,0.057500,1,0.103400,0
2019-10-16,sh.601628,29.2000,29.8200,29.0600,29.2600,29.0500,15591264,460114466.0000,3,0.074900,1,0.722900,0
2019-10-17,sh.601628,29.3900,29.8900,29.3300,29.5800,29.2600,11870666,352322761.0000,3,0.057000,1,1.093600,0
2019-10-18,sh.601628,29.6400,30.0500,29.2400,29.3500,29.5800,14513783,430826996.0000,3,0.069700,1,-0.777600,0
2019-10-21,sh.601628,29.8000,31.0200,29.8000,30.8100,29.3500,38834792,1182240011.0000,3,0.186500,1,4.974400,0
2019-10-22,sh.601628,30.5800,30.9500,30.3000,30.6800,30.8100,17474831,534548953.0000,3,0.083900,1,-0.421900,0
2019-10-23,sh.601628,30.6600,30.8800,30.3300,30.7700,30.6800,12016753,368174347.0000,3,0.057700,1,0.293400,0
2019-10-24,sh.601628,30.7700,30.8400,30.1300,30.4600,30.7700,14196953,432650247.0000,3,0.068200,1,-1.007500,0
2019-10-25,sh.601628,30.2800,30.8500,29.6800,30.5000,30.4600,15584006,473630222.0000,3,0.074800,1,0.131300,0
2019-10-28,sh.601628,30.1800,31.3400,30.1100,31.2300,30.5000,20208663,625785382.0000,3,0.097000,1,2.393400,0
2019-10-29,sh.601628,31.0600,31.3600,30.7100,30.8700,31.2300,13292334,412241423.0000,3,0.063800,1,-1.152700,0
2019-10-30,sh.601628,31.3600,32.7500,31.2400,32.4100,30.8700,32854609,1057427349.0000,3,0.157800,1,4.988700,0
2019-10-31,sh.601628,32.1400,33.7500,32.0800,33.4500,32.4100,28691630,949929664.0000,3,0.137800,1,3.208900,0
2019-11-01,sh.601628,33.2000,33.4400,32.9200,33.3200,33.4500,18543824,615099205.0000,3,0.089100,1,-0.388600,0
2019-11-04,sh.601628,33.3200,35.2800,33.2000,34.8100,33.3200,29817387,1028943769.0000,3,0.143200,1,4.471800,0
2019-11-05,sh.601628,34.8600,36.2800,34.5300,35.7500,34.8100,27010562,961285325.0000,3,0.129700,1,2.700400,0
2019-11-06,sh.601628,35.8400,35.9700,35.3100,35.8000,35.7500,13944980,496980290.0000,3,0.067000,1,0.139900,0
2019-11-07,sh.601628,35.7400,35.7800,34.5900,34.8800,35.8000,21002205,734946871.0000,3,0.100900,1,-2.569800,0
2019-11-08,sh.601628,35.1600,35.5300,34.7700,34.8400,34.8800,12903064,452351671.0000,3,0.062000,1,-0.114700,0
2019-11-11,sh.601628,34.4700,36.3000,34.3000,35.3000,34.8400,24683511,877206476.0000,3,0.118500,1,1.320300,0
2019-11-12,sh.601628,35.1800,35.6200,34.9200,35.4200,35.3000,13283558,468022306.0000,3,0.063800,1,0.339900,0
2019-11-13,sh.601628,35.1500,35.2500,33.5500,34.6000,35.4200,24177584,830956057.0000,3,0.116100,1,-2.315100,0
2019-11-14,sh.601628,34.4000,34.5500,33.8000,34.2200,34.6000,14821925,506533007.0000,3,0.071200,1,-1.098300,0
2019-11-15,sh.601628,34.3500,35.0400,34.1100,34.6000,34.2200,16108175,557317197.0000,3,0.077400,1,1.110500,0
2019-11-18,sh.601628,34.2600,35.7500,34.2500,35.5600,34.6000,14278145,504305552.0000,3,0.068600,1,2.774600,0
2019-11-19,sh.601628,35.1100,35.3900,34.5500,35.0900,35.5600,13556297,473060793.0000,3,0.065100,1,-1.321700,0
2019-11-20,sh.601628,34.8000,34.9000,34.3000,34.6000,35.0900,11885320,410869973.0000,3,0.057100,1,-1.396400,0
2019-11-21,sh.601628,34.3700,34.5900,33.1100,33.5500,34.6000,17150795,575116632.0000,3,0.082400,1,-3.034700,0
2019-11-22,sh.601628,33.4900,33.8300,32.5000,32.7900,33.5500,16210477,536605427.0000,3,0.077800,1,-2.265300,0
2019-11-25,sh.601628,32.8000,33.5000,32.8000,33.1900,32.7900,12736356,422143448.0000,3,0.061200,1,1.219900,0
2019-11-26,sh.601628,33.5900,33.9600,33.1900,33.6500,33.1900,12612814,424209201.0000,3,0.060600,1,1.386000,0
2019-11-27,sh.601628,33.9000,34.2800,33.6000,33.8600,33.6500,8967787,304946495.0000,3,0.043100,1,0.624100,0
2019-11-28,sh.601628,33.7900,33.9900,33.1000,33.5500,33.8600,6704608,224035959.0000,3,0.032200,1,-0.915500,0
2019-11-29,sh.601628,33.3400,33.8600,32.5200,32.8100,33.5500,10805453,356222729.0000,3,0.051900,1,-2.205700,0
2019-12-02,sh.601628,33.0500,33.1600,32.4600,32.7000,32.8100,8747786,286468608.0000,3,0.042000,1,-0.335300,0
2019-12-03,sh.601628,32.8700,33.2500,32.4200,33.0400,32.7000,8063160,264762978.0000,3,0.038700,1,1.039800,0
2019-12-04,sh.601628,32.7800,32.9000,32.2200,32.4100,33.0400,8894346,288486345.0000,3,0.042700,1,-1.906800,0
2019-12-05,sh.601628,32.7700,33.5100,32.5400,33.3000,32.4100,11498332,379783782.0000,3,0.055200,1,2.746100,0
2019-12-06,sh.601628,33.3600,33.5500,32.7500,33.0400,33.3000,9406488,311089034.0000,3,0.045200,1,-0.780800,0
2019-12-09,sh.601628,33.0900,33.5300,32.6500,33.2300,33.0400,9978812,330385276.0000,3,0.047900,1,0.575100,0
2019-12-10,sh.601628,33.1000,33.6300,32.7300,33.4100,33.2300,10426459,347053704.0000,3,0.050100,1,0.541700,0
2019-12-11,sh.601628,33.6800,34.4500,33.5000,33.8800,33.4100,13577874,461173667.0000,3,0.065200,1,1.406800,0
2019-12-12,sh.601628,34.1300,34.3700,33.5700,33.7100,33.8800,10180103,344568197.0000,3,0.048900,1,-0.501800,0
2019-12-13,sh.601628,34.3600,35.6900,33.9000,35.6900,33.7100,24488964,855454868.0000,3,0.117600,1,5.873600,0
2019-12-16,sh.601628,35.9500,35.9500,34.5100,35.0200,35.6900,25976775,906141513.0000,3,0.124700,1,-1.877300,0
2019-12-17,sh.601628,34.8500,35.7800,34.4400,35.1300,35.0200,24148808,846725828.0000,3,0.116000,1,0.314100,0
2019-12-18,sh.601628,34.8000,35.1000,34.5500,34.7700,35.1300,13740218,477668435.0000,3,0.066000,1,-1.024800,0
2019-12-19,sh.601628,34.6900,34.9500,34.4300,34.5900,34.7700,9815276,339854667.0000,3,0.047100,1,-0.517700,0
2019-12-20,sh.601628,34.5500,34.6800,34.0000,34.0900,34.5900,13643227,467158539.0000,3,0.065500,1,-1.445500,0
2019-12-23,sh.601628,34.2000,34.3800,33.5900,33.6200,34.0900,9626249,326081767.0000,3,0.046200,1,-1.378700,0
2019-12-24,sh.601628,33.6300,33.7600,32.9000,33.5000,33.6200,10483784,348572806.0000,3,0.050300,1,-0.356900,0
2019-12-25,sh.601628,33.4700,33.9700,33.3000,33.6500,33.5000,8623530,290863494.0000,3,0.041400,1,0.447800,0
2019-12-26,sh.601628,33.5100,34.1900,33.5100,34.1300,33.6500,9011005,306169451.0000,3,0.043300,1,1.426400,0
2019-12-27,sh.601628,33.9300,34.4800,33.8000,33.8000,34.1300,12275691,419145939.0000,3,0.059000,1,-0.966900,0
2019-12-30,sh.601628,33.7000,34.8400,33.2800,34.8100,33.8000,15966498,548842081.0000,3,0.076700,1,2.988200,0
2019-12-31,sh.601628,34.8100,34.9800,34.4100,34.8700,34.8100,11513709,399921856.0000,3,0.055300,1,0.172400,0
2020-01-02,sh.601628,35.1200,35.5100,34.6200,34.9500,34.8700,18622528,653836164.0000,3,0.089400,1,0.229400,0
2020-01-03,sh.601628,35.0900,35.2800,34.9000,34.9800,34.9500,10616236,372480477.0000,3,0.051000,1,0.085800,0
2020-01-06,sh.601628,34.7400,35.2800,34.4000,34.6500,34.9800,14465476,505424459.0000,3,0.069500,1,-0.943400,0
2020-01-07,sh.601628,34.9000,35.3300,34.8400,35.1400,34.6500,11347262,397984676.0000,3,0.054500,1,1.414100,0
2020-01-08,sh.601628,34.7500,34.8600,34.0300,34.1300,35.1400,11804500,406548528.0000,3,0.056700,1,-2.874200,0
2020-01-09,sh.601628,34.5000,34.8200,34.4500,34.6100,34.1300,9482875,328324579.0000,3,0.045500,1,1.406400,0
2020-01-10,sh.601628,34.8600,35.1500,34.7000,35.0500,34.6100,10151818,354975401.0000,3,0.048800,1,1.271300,0
2020-01-13,sh.601628,35.2900,35.3000,34.6000,35.2700,35.0500,10024371,350002984.0000,3,0.048100,1,0.627700,0
2020-01-14,sh.601628,35.3100,35.4500,34.8000,34.8400,35.2700,9576425,337014959.0000,3,0.046000,1,-1.219200,0
2020-01-15,sh.601628,34.8000,35.0500,34.4600,34.8000,34.8400,6159407,214166007.0000,3,0.029600,1,-0.114800,0
2020-01-16,sh.601628,34.9500,34.9500,33.8500,33.9200,34.8000,12687011,433868715.0000,3,0.060900,1,-2.528700,0
2020-01-17,sh.601628,34.0600,34.4400,32.9200,33.0500,33.9200,22006050,734055751.0000,3,0.105700,1,-2.564900,0
2020-01-20,sh.601628,33.4700,34.7400,33.4500,34.1800,33.0500,30337832,1036974673.0000,3,0.145700,1,3.419100,0
2020-01-21,sh.601628,33.9000,33.9000,33.0900,33.4300,34.1800,18129455,605168183.0000,3,0.087100,1,-2.194300,0
2020-01-22,sh.601628,33.1100,33.7900,32.6200,33.5100,33.4300,14260180,473547439.0000,3,0.068500,1,0.239300,0
2020-01-23,sh.601628,33.2000,33.3000,32.0000,32.2600,33.5100,16915609,550718585.0000,3,0.081200,1,-3.730200,0
2020-02-03,sh.601628,29.0300,29.5800,29.0300,29.1900,32.2600,21978887,639260669.0000,3,0.105500,1,-9.516400,0
2020-02-04,sh.601628,29.2000,30.6500,29.0800,30.5700,29.1900,24908090,747406881.0000,3,0.119600,1,4.727600,0
2020-02-05,sh.601628,30.6700,30.9100,29.9000,30.2400,30.5700,20587210,624781670.0000,3,0.098900,1,-1.079500,0
2020-02-06,sh.601628,30.3000,30.6500,29.9400,30.4400,30.2400,20277779,612510094.0000,3,0.097400,1,0.661400,0
2020-02-07,sh.601628,30.1000,30.1300,29.6200,29.9900,30.4400,23282394,694737292.0000,3,0.111800,1,-1.478300,0
2020-02-10,sh.601628,29.8000,30.3200,29.6700,30.3100,29.9900,16407448,493623460.0000,3,0.078800,1,1.067000,0
2020-02-11,sh.601628,30.5200,30.9100,30.1100,30.5200,30.3100,19124583,585854694.0000,3,0.091800,1,0.692800,0
2020-02-12,sh.601628,30.5300,31.6400,30.2300,31.1400,30.5200,21746552,674227629.0000,3,0.104400,1,2.031500,0
2020-02-13,sh.601628,30.7700,31.0400,30.5800,30.6300,31.1400,16467980,505546305.0000,3,0.079100,1,-1.637800,0
2020-02-14,sh.601628,30.4300,30.9400,30.3700,30.5700,30.6300,15140031,462909256.0000,3,0.072700,1,-0.195900,0
2020-02-17,sh.601628,30.7100,31.5500,30.4700,31.4400,30.5700,25819670,801604874.0000,3,0.124000,1,2.845900,0
2020-02-18,sh.601628,31.4800,31.4800,31.0000,31.1200,31.4400,16724197,520417828.0000,3,0.080300,1,-1.017800,0
2020-02-19,sh.601628,31.2900,31.6400,31.0800,31.1900,31.1200,15811047,495902889.0000,3,0.075900,1,0.224900,0
2020-02-20,sh.601628,31.4200,32.0700,30.8600,31.9900,31.1900,31617751,994104686.0000,3,0.151800,1,2.564900,0
2020-02-21,sh.601628,31.6000,32.6700,31.5600,32.2000,31.9900,27576359,885709402.0000,3,0.132400,1,0.656500,0
2020-02-24,sh.601628,31.8000,32.0900,31.3300,31.6400,32.2000,19653043,622863185.0000,3,0.094400,1,-1.739100,0
2020-02-25,sh.601628,31.0200,31.3000,30.7200,31.0500,31.6400,18824281,583711929.0000,3,0.090400,1,-1.864700,0
2020-02-26,sh.601628,30.7100,31.5200,30.6800,30.9300,31.0500,16510304,513543374.0000,3,0.079300,1,-0.386500,0
2020-02-27,sh.601628,30.9300,31.1500,30.7600,30.9000,30.9300,10715407,331242399.0000,3,0.051500,1,-0.097000,0
2020-02-28,sh.601628,30.3000,30.6200,29.4500,29.4500,30.9000,18219707,543763410.0000,3,0.087500,1,-4.692600,0
2020-03-02,sh.601628,29.4700,30.1700,29.4700,30.1300,29.4500,13675150,409675865.0000,3,0.065700,1,2.309000,0
2020-03-03,sh.601628,30.3600,30.5900,29.8000,29.9000,30.1300,16765703,505683741.0000,3,0.080500,1,-0.763400,0
2020-03-04,sh.601628,29.8800,30.0000,29.6200,30.0000,29.9000,14363088,428366972.0000,3,0.069000,1,0.334400,0
2020-03-05,sh.601628,30.1900,31.1000,29.9600,30.9800,30.0000,26408521,810199083.0000,3,0.126800,1,3.266700,0
2020-03-06,sh.601628,30.6100,30.8300,30.4200,30.5800,30.9800,14124625,432025630.0000,3,0.067800,1,-1.291200,0
2020-03-09,sh.601628,29.9900,29.9900,29.0500,29.1500,30.5800,21630063,636168348.0000,3,0.103900,1,-4.676300,0
2020-03-10,sh.601628,29.0500,29.8500,29.0000,29.5500,29.1500,15403471,452444502.0000,3,0.074000,1,1.372200,0
2020-03-11,sh.601628,29.6000,29.7800,29.2300,29.2600,29.5500,14488917,426801456.0000,3,0.069600,1,-0.981400,0
2020-03-12,sh.601628,29.0100,29.0500,28.1900,28.5300,29.2600,15037831,428332133.0000,3,0.072200,1,-2.494900,0
2020-03-13,sh.601628,27.2800,28.1000,27.0100,27.6500,28.5300,20098464,549891738.0000,3,0.096500,1,-3.084500,0
2020-03-16,sh.601628,27.6000,27.6600,27.0000,27.0200,27.6500,15222060,414183594.0000,3,0.073100,1,-2.278500,0
2020-03-17,sh.601628,26.9400,27.3800,25.7500,26.2400,27.0200,20834122,548513580.0000,3,0.100100,1,-2.886800,0
2020-03-18,sh.601628,26.1900,26.7600,25.7600,25.8000,26.2400,15978625,419808837.0000,3,0.076700,1,-1.676800,0
2020-03-19,sh.601628,25.8000,26.1700,23.9700,24.7100,25.8000,23594581,582985407.0000,3,0.113300,1,-4.224800,0
2020-03-20,sh.601628,24.9900,25.4400,24.8000,25.3000,24.7100,18852004,473104517.0000,3,0.090500,1,2.387700,0
2020-03-23,sh.601628,24.4800,24.7300,24.0000,24.3300,25.3000,12891379,314116515.0000,3,0.061900,1,-3.834000,0
2020-03-24,sh.601628,24.7700,25.6000,24.7600,25.5200,24.3300,17726724,446039405.0000,3,0.085100,1,4.891100,0
2020-03-25,sh.601628,26.2500,27.1000,26.0800,27.0000,25.5200,22105015,590763519.0000,3,0.106200,1,5.799400,0
2020-03-26,sh.601628,27.0000,27.6400,26.6500,26.9800,27.0000,21752606,592112027.0000,3,0.104500,1,-0.074100,0
2020-03-27,sh.601628,27.3000,27.5000,26.7800,26.8300,26.9800,13371868,361908454.0000,3,0.064200,1,-0.556000,0
2020-03-30,sh.601628,26.4300,26.7600,26.0600,26.5500,26.8300,12288429,324427405.0000,3,0.059000,1,-1.043600,0
2020-03-31,sh.601628,26.7800,26.9200,26.2100,26.3400,26.5500,8408015,222512648.0000,3,0.040400,1,-0.791000,0
2020-04-01,sh.601628,26.1000,26.6400,26.1000,26.1500,26.3400,7432163,195954862.0000,3,0.035700,1,-0.721300,0
2020-04-02,sh.601628,26.1100,26.6200,26.0100,26.6200,26.1500,6570400,172582663.0000,3,0.031600,1,1.797300,0
2020-04-03,sh.601628,26.6200,26.6400,26.1700,26.3000,26.6200,6267072,165169845.0000,3,0.030100,1,-1.202100,0
2020-04-07,sh.601628,27.0900,27.1400,26.6500,26.8300,26.3000,11351479,304317997.0000,3,0.054500,1,2.015200,0
2020-04-08,sh.601628,26.6400,26.7600,26.1500,26.2800,26.8300,11299664,297063278.0000,3,0.054300,1,-2.049900,0
2020-04-09,sh.601628,26.3100,26.4800,26.1600,26.2400,26.2800,7214740,189741266.0000,3,0.034600,1,-0.152200,0
2020-04-10,sh.601628,26.2600,26.8400,26.1800,26.4800,26.2400,10866329,288164042.0000,3,0.052200,1,0.914600,0
2020-04-13,sh.601628,26.2100,26.9300,26.2100,26.7800,26.4800,11881670,317556004.0000,3,0.057100,1,1.132900,0
2020-04-14,sh.601628,26.9300,26.9500,26.5300,26.9000,26.7800,9179844,245202155.0000,3,0.044100,1,0.448100,0
2020-04-15,sh.601628,26.9400,26.9400,26.5600,26.6100,26.9000,7798052,208158686.0000,3,0.037400,1,-1.078100,0
2020-04-16,sh.601628,26.4200,26.5800,26.2800,26.5100,26.6100,6391678,168933608.0000,3,0.030700,1,-0.375800,0
2020-04-17,sh.601628,26.7600,28.2500,26.5900,28.0600,26.5100,33452552,925213009.0000,3,0.160600,1,5.846800,0
2020-04-20,sh.601628,28.0200,28.5400,27.6100,28.1800,28.0600,20367945,572399322.0000,3,0.097800,1,0.427700,0
2020-04-21,sh.601628,28.1500,28.1500,27.6600,27.8200,28.1800,11840116,330166810.0000,3,0.056900,1,-1.277500,0
2020-04-22,sh.601628,27.7300,28.1000,27.6600,27.9300,27.8200,9642941,268411777.0000,3,0.046300,1,0.395400,0
2020-04-23,sh.601628,27.9900,28.4000,27.8000,28.0900,27.9300,10577668,297264260.0000,3,0.050800,1,0.572900,0
2020-04-24,sh.601628,28.0000,28.0000,27.4000,27.7800,28.0900,11712791,324508168.0000,3,0.056200,1,-1.103600,0
2020-04-27,sh.601628,28.0400,28.4000,27.8000,27.8900,27.7800,11140536,313248320.0000,3,0.053500,1,0.396000,0
2020-04-28,sh.601628,27.8600,28.2800,27.5800,28.2700,27.8900,11969128,335151355.0000,3,0.057500,1,1.362500,0
2020-04-29,sh.601628,28.1100,28.9000,28.1100,28.7500,28.2700,11600638,332299692.0000,3,0.055700,1,1.697900,0
2020-04-30,sh.601628,28.7700,29.4000,28.4100,28.5400,28.7500,16644522,480909668.0000,3,0.079900,1,-0.730400,0
2020-05-06,sh.601628,27.8000,28.0700,27.7000,27.9000,28.5400,21064751,585877057.0000,3,0.101200,1,-2.242500,0
2020-05-07,sh.601628,27.9100,27.9400,27.3500,27.5200,27.9000,13901028,382466232.0000,3,0.066800,1,-1.362000,0
2020-05-08,sh.601628,27.6700,28.0000,27.6400,27.9400,27.5200,14634462,407429138.0000,3,0.070300,1,1.526200,0
2020-05-11,sh.601628,27.9300,28.5800,27.8800,28.3400,27.9400,13041800,369306649.0000,3,0.062600,1,1.431600,0
2020-05-12,sh.601628,28.1800,28.3200,27.5800,27.7900,28.3400,10435798,290470692.0000,3,0.050100,1,-1.940700,0
2020-05-13,sh.601628,27.7200,27.8600,27.4000,27.7500,27.7900,5777732,159645589.0000,3,0.027700,1,-0.143900,0
2020-05-14,sh.601628,27.6400,27.7500,27.2300,27.2500,27.7500,7512216,205817136.0000,3,0.036100,1,-1.801800,0
2020-05-15,sh.601628,27.4200,27.5600,26.7600,26.8800,27.2500,11978706,323325698.0000,3,0.057500,1,-1.357800,0
2020-05-18,sh.601628,26.6600,27.0600,26.6000,26.8000,26.8800,7247713,194624419.0000,3,0.034800,1,-0.297600,0
2020-05-19,sh.601628,27.1400,27.5100,27.0100,27.1200,26.8000,8447922,229926768.0000,3,0.040600,1,1.194000,0
2020-05-20,sh.601628,27.0800,27.3400,26.8800,27.1500,27.1200,7192864,194863623.0000,3,0.034500,1,0.110600,0
2020-05-21,sh.601628,27.2400,27.2900,27.0100,27.0500,27.1500,7326285,199107676.0000,3,0.035200,1,-0.368300,0
2020-05-22,sh.601628,26.8300,27.0300,26.3100,26.3100,27.0500,9662527,256267155.0000,3,0.046400,1,-2.735700,0
2020-05-25,sh.601628,26.6800,26.6800,25.2000,25.3200,26.3100,20436444,521591779.0000,3,0.098100,1,-3.762800,0
2020-05-26,sh.601628,25.5300,25.6500,25.3000,25.5600,25.3200,10745400,273560253.0000,3,0.051600,1,0.947900,0
2020-05-27,sh.601628,25.5400,25.8600,25.4200,25.7300,25.5600,7661559,196994425.0000,3,0.036800,1,0.665100,0
2020-05-28,sh.601628,25.7800,26.3300,25.7200,26.1100,25.7300,12237028,318950192.0000,3,0.058800,1,1.476900,0
2020-05-29,sh.601628,25.9600,25.9600,25.3300,25.6000,26.1100,12072192,308696446.0000,3,0.058000,1,-1.953300,0
2020-06-01,sh.601628,25.7700,26.1700,25.7700,26.1700,25.6000,12770571,332042457.0000,3,0.061300,1,2.226600,0
2020-06-02,sh.601628,26.1000,26.9600,26.0000,26.8600,26.1700,16185797,430544547.0000,3,0.077700,1,2.636600,0
2020-06-03,sh.601628,26.9000,28.2900,26.8900,27.9900,26.8600,40213104,1127643241.0000,3,0.193100,1,4.207000,0
2020-06-04,sh.601628,28.1500,28.2000,27.6500,27.8100,27.9900,13631269,380046851.0000,3,0.065500,1,-0.643100,0
2020-06-05,sh.601628,27.9500,27.9700,27.3800,27.8300,27.8100,11125177,307201200.0000,3,0.053400,1,0.071900,0
2020-06-08,sh.601628,27.9300,29.2900,27.9300,28.9000,27.8300,20683946,597169733.0000,3,0.099300,1,3.844800,0
2020-06-09,sh.601628,28.8000,29.2800,28.7100,29.1500,28.9000,15282600,443445843.0000,3,0.073400,1,0.865100,0
2020-06-10,sh.601628,29.0100,29.1500,28.6800,28.9200,29.1500,9543464,275268843.0000,3,0.045800,1,-0.789000,0
2020-06-11,sh.601628,28.7500,29.0900,28.2300,28.4000,28.9200,14177745,406045048.0000,3,0.068100,1,-1.798100,0
2020-06-12,sh.601628,27.5600,28.2200,27.3100,28.1400,28.4000,14060510,390648683.0000,3,0.067500,1,-0.915500,0
2020-06-15,sh.601628,27.8500,28.0700,27.2800,27.4000,28.1400,11667342,322694530.0000,3,0.056000,1,-2.629700,0
2020-06-16,sh.601628,27.9000,28.0000,27.6000,27.8500,27.4000,9885054,274820799.0000,3,0.047500,1,1.642300,0
2020-06-17,sh.601628,27.8600,27.8800,27.4200,27.6200,27.8500,7707684,212640274.0000,3,0.037000,1,-0.825900,0
2020-06-18,sh.601628,27.6300,27.6300,27.1800,27.6000,27.6200,14409191,394725339.0000,3,0.069200,1,-0.072400,0
2020-06-19,sh.601628,27.5900,28.2500,27.4100,28.1700,27.6000,19000485,529882014.0000,3,0.091200,1,2.065200,0
2020-06-22,sh.601628,27.8800,28.7500,27.7300,28.0200,28.1700,19038634,535718805.0000,3,0.091400,1,-0.532500,0
2020-06-23,sh.601628,27.8500,27.9500,27.4800,27.6500,28.0200,13300900,367756080.0000,3,0.063900,1,-1.320500,0
2020-06-24,sh.601628,27.8000,28.5200,27.7100,28.2300,27.6500,20599211,582218026.0000,3,0.098900,1,2.097600,0
2020-06-29,sh.601628,28.0300,28.1900,27.0200,27.2000,28.2300,18572877,509868805.0000,3,0.089200,1,-3.648600,0
2020-06-30,sh.601628,27.3900,27.5700,26.9000,27.2100,27.2000,16970625,461009669.0000,3,0.081500,1,0.036800,0
2020-07-01,sh.601628,27.2100,28.1300,27.0000,28.1300,27.2100,23413420,645485105.0000,3,0.112400,1,3.381100,0
2020-07-02,sh.601628,28.0100,30.2000,27.9200,30.0400,28.1300,48334730,1412858260.0000,3,0.232100,1,6.789900,0
2020-07-03,sh.601628,30.3800,33.0400,30.3800,33.0400,30.0400,61632621,1980551809.0000,3,0.296000,1,9.986700,0
2020-07-06,sh.601628,35.1000,36.3400,34.9300,36.3400,33.0400,70112265,2524878947.0000,3,0.336700,1,9.987900,0
2020-07-07,sh.601628,38.0000,38.8100,36.3700,37.2900,36.3400,66398545,2504205256.0000,3,0.318900,1,2.614200,0
2020-07-08,sh.601628,37.6900,41.0200,37.1000,41.0200,37.2900,55581957,2156761956.0000,3,0.266900,1,10.002700,0
2020-07-09,sh.601628,41.0200,45.1200,40.1200,44.0000,41.0200,77601672,3348081787.0000,3,0.372700,1,7.264700,0
2020-07-10,sh.601628,41.9900,42.6800,40.2900,40.9000,44.0000,66520139,2753111782.0000,3,0.319400,1,-7.045500,0
2020-07-13,sh.601628,39.8500,41.5600,38.3000,40.2800,40.9000,59729089,2379655105.0000,3,0.286800,1,-1.515900,0
2020-07-14,sh.601628,39.6200,39.9200,38.7400,39.6300,40.2800,40829476,1605968132.0000,3,0.196100,1,-1.613700,0
2020-07-15,sh.601628,40.1000,40.4000,38.6600,39.5700,39.6300,37334023,1478661535.0000,3,0.179300,1,-0.151400,0
2020-07-16,sh.601628,39.3000,40.3000,34.9600,34.9700,38.8400,60501170,2268895410.0000,3,0.290500,1,-9.964000,0
2020-07-17,sh.601628,35.2100,35.8700,34.0500,34.5200,34.9700,40065395,1398603184.0000,3,0.192400,1,-1.286800,0
2020-07-20,sh.601628,35.8000,37.9700,35.6900,37.9700,34.5200,49491670,1823548712.0000,3,0.237700,1,9.994200,0
2020-07-21,sh.601628,41.0000,41.0000,38.2600,39.2400,37.9700,76840131,3054207947.1800,3,0.369000,1,3.344700,0
2020-07-22,sh.601628,38.1500,40.1500,37.7000,38.6000,39.2400,55857178,2177735478.5500,3,0.268200,1,-1.631000,0
2020-07-23,sh.601628,37.6100,38.5800,36.6000,37.9000,38.6000,42252901,1583856224.4400,3,0.202900,1,-1.813500,0
2020-07-24,sh.601628,37.1800,37.3200,35.2000,35.4000,37.9000,42868052,1550948329.0100,3,0.205900,1,-6.596300,0
2020-07-27,sh.601628,35.6000,35.8900,34.9100,35.3300,35.4000,20646613,727981608.9300,3,0.099200,1,-0.197700,0
2020-07-28,sh.601628,35.7900,35.9500,34.8600,35.1100,35.3300,20740259,733118627.2400,3,0.099600,1,-0.622700,0
2020-07-29,sh.601628,34.8600,37.5500,34.8100,36.9500,35.1100,34436625,1257869421.2200,3,0.165400,1,5.240700,0
2020-07-30,sh.601628,36.9000,36.9500,35.9000,36.1400,36.9500,23155473,839912043.2000,3,0.111200,1,-2.192200,0
2020-07-31,sh.601628,35.9000,37.5100,35.6800,36.4900,36.1400,31701049,1163474336.1000,3,0.152200,1,0.968500,0
2020-08-03,sh.601628,36.7400,37.5300,36.5100,37.4300,36.4900,30611375,1134734062.5400,3,0.147000,1,2.576000,0
2020-08-04,sh.601628,37.5800,40.7500,36.8500,39.2700,37.4300,61822303,2390262182.0100,3,0.296900,1,4.915800,0
2020-08-05,sh.601628,38.1600,38.9700,37.5300,38.5000,39.2700,32336839,1235930147.6300,3,0.155300,1,-1.960800,0
2020-08-06,sh.601628,38.5000,39.6800,38.4200,39.5500,38.5000,33375879,1305149914.1300,3,0.160300,1,2.727300,0
2020-08-07,sh.601628,39.0900,39.4900,37.7000,38.2200,39.5500,27899431,1077203703.6300,3,0.134000,1,-3.362800,0
2020-08-10,sh.601628,38.0000,40.5200,37.7500,40.2500,38.2200,43314793,1728703933.2300,3,0.208000,1,5.311400,0
2020-08-11,sh.601628,39.9000,42.0000,39.2000,39.5400,40.2500,38982056,1587177134.9300,3,0.187200,1,-1.764000,0
2020-08-12,sh.601628,39.0000,40.4500,39.0000,39.3700,39.5400,27204553,1075662054.7200,3,0.130600,1,-0.429900,0
2020-08-13,sh.601628,39.3900,39.6900,38.4200,38.9400,39.3700,21022349,818868107.1100,3,0.101000,1,-1.092200,0
2020-08-14,sh.601628,38.6700,42.8300,38.4900,42.8300,38.9400,44268198,1808054961.8900,3,0.212600,1,9.989700,0
2020-08-17,sh.601628,43.0100,47.1100,42.3100,47.1100,42.8300,60320650,2732048656.9400,3,0.289700,1,9.993000,0
2020-08-18,sh.601628,48.5600,50.8800,47.0500,49.4900,47.1100,84436589,4083022430.4100,3,0.405500,1,5.052000,0
2020-08-19,sh.601628,48.0700,48.4900,45.4800,45.7600,49.4900,72491875,3376467871.0500,3,0.348100,1,-7.536900,0
2020-08-20,sh.601628,45.0000,45.5500,43.2900,43.9800,45.7600,50371994,2225498421.0800,3,0.241900,1,-3.889900,0
2020-08-21,sh.601628,44.0400,45.2800,43.6100,44.7000,43.9800,44708454,1988294904.6300,3,0.214700,1,1.637100,0
2020-08-24,sh.601628,44.4400,45.1100,43.5500,43.6200,44.7000,32145970,1417599020.5700,3,0.154400,1,-2.416100,0
2020-08-25,sh.601628,43.6200,45.1500,43.0300,43.6300,43.6200,34608156,1531229236.6900,3,0.166200,1,0.022900,0
2020-08-26,sh.601628,43.6100,44.9500,42.2200,43.0500,43.6300,45959855,2002085175.7100,3,0.220700,1,-1.329400,0
2020-08-27,sh.601628,42.2700,43.4300,41.7000,43.1000,43.0500,34538054,1465650673.9500,3,0.165900,1,0.116100,0
2020-08-28,sh.601628,42.6800,44.8800,42.4200,44.7700,43.1000,41037875,1804717377.9000,3,0.197100,1,3.874700,0
2020-08-31,sh.601628,44.9500,45.4900,43.6800,43.6800,44.7700,39272501,1750128566.2100,3,0.188600,1,-2.434700,0
2020-09-01,sh.601628,43.2200,43.9600,43.0600,43.9400,43.6800,21056898,915894246.4600,3,0.101100,1,0.595200,0
2020-09-02,sh.601628,43.8200,44.4000,43.4700,44.0800,43.9400,24006559,1053711393.8900,3,0.115300,1,0.318600,0
2020-09-03,sh.601628,43.9100,44.3500,43.2900,43.4100,44.0800,20564853,899068155.8300,3,0.098800,1,-1.520000,0
2020-09-04,sh.601628,42.0100,42.7900,42.0100,42.5000,43.4100,19224651,815367576.8500,3,0.092300,1,-2.096300,0
2020-09-07,sh.601628,42.5000,42.9300,40.7000,40.7000,42.5000,24050192,1008689663.4700,3,0.115500,1,-4.235300,0
2020-09-08,sh.601628,41.0000,43.5000,40.8400,43.0900,40.7000,34861495,1474481164.1900,3,0.167400,1,5.872200,0
2020-09-09,sh.601628,42.0000,43.8000,41.9900,42.7000,43.0900,26883560,1151307487.8800,3,0.129100,1,-0.905100,0
2020-09-10,sh.601628,43.4500,45.6000,42.7200,44.0700,42.7000,48027626,2115206282.0100,3,0.230600,1,3.208400,0
2020-09-11,sh.601628,44.0000,45.1700,43.5200,44.5800,44.0700,37124504,1652078912.5500,3,0.178300,1,1.157200,0
2020-09-14,sh.601628,44.6500,44.8900,43.2200,44.0900,44.5800,27798987,1217692540.2000,3,0.133500,1,-1.099100,0
2020-09-15,sh.601628,43.5900,44.6800,43.3000,44.1800,44.0900,25537939,1126651583.4400,3,0.122600,1,0.204100,0
2020-09-16,sh.601628,43.7300,44.3700,43.3800,43.7100,44.1800,18972508,830481401.7100,3,0.091100,1,-1.063800,0
2020-09-17,sh.601628,43.7100,44.5000,42.1500,42.9500,43.7100,26887219,1164371732.2200,3,0.129100,1,-1.738700,0
2020-09-18,sh.601628,42.8500,47.2500,42.8500,47.2500,42.9500,57023238,2591603895.7900,3,0.273800,1,10.011600,0
2020-09-21,sh.601628,47.0000,47.7800,45.4600,45.9200,47.2500,41056439,1899582500.6200,3,0.197200,1,-2.814800,0
2020-09-22,sh.601628,45.3200,46.3300,44.4800,45.7500,45.9200,30854868,1398068307.0500,3,0.148200,1,-0.370200,0
2020-09-23,sh.601628,45.4300,45.7100,44.7500,45.1400,45.7500,15132385,682857441.2300,3,0.072700,1,-1.333300,0
2020-09-24,sh.601628,44.7000,46.9400,44.5300,45.5800,45.1400,34050984,1561235737.6000,3,0.163500,1,0.974700,0
2020-09-25,sh.601628,45.5000,45.8700,44.6800,45.4000,45.5800,17810902,806396692.4100,3,0.085500,1,-0.394900,0
2020-09-28,sh.601628,45.4400,46.3600,45.2000,45.5700,45.4000,16472755,752508544.9200,3,0.079100,1,0.374400,0
2020-09-29,sh.601628,46.1000,46.2700,45.3800,45.4900,45.5700,17068448,779689157.1700,3,0.082000,1,-0.175600,0
2020-09-30,sh.601628,45.6000,45.9600,44.0000,44.4300,45.4900,19710728,885614607.4200,3,0.094700,1,-2.330200,0
2020-10-09,sh.601628,45.1000,45.5000,44.6000,44.8500,44.4300,19594049,883193612.3600,3,0.094100,1,0.945300,0
2020-10-12,sh.601628,44.8700,47.3900,44.8500,46.8600,44.8500,33036743,1537580881.0800,3,0.158700,1,4.481600,0
2020-10-13,sh.601628,46.0500,47.1100,45.5700,47.0000,46.8600,20425804,944477105.9300,3,0.098100,1,0.298800,0
2020-10-14,sh.601628,46.6000,47.3700,46.1900,47.0100,47.0000,17982846,839552173.8500,3,0.086400,1,0.021300,0
2020-10-15,sh.601628,47.4700,49.5000,47.1800,48.0400,47.0100,34930014,1694025107.3300,3,0.167700,1,2.191000,0
2020-10-16,sh.601628,47.8000,50.1000,47.4600,49.6300,48.0400,32260171,1577628514.1800,3,0.154900,1,3.309700,0
2020-10-19,sh.601628,49.4000,52.1600,49.1000,50.0000,49.6300,34080714,1731584456.7500,3,0.163700,1,0.745500,0
2020-10-20,sh.601628,49.9800,50.5000,48.7000,49.8900,50.0000,18927778,939589466.9700,3,0.090900,1,-0.220000,0
2020-10-21,sh.601628,49.8000,52.1400,49.4700,51.9600,49.8900,27440058,1400134627.1700,3,0.131800,1,4.149100,0
2020-10-22,sh.601628,50.9800,51.7000,48.8000,50.6900,51.9600,30461894,1533149452.3300,3,0.146300,1,-2.444200,0
2020-10-23,sh.601628,50.0200,51.6300,49.0000,49.0000,50.6900,27639740,1394423435.3800,3,0.132700,1,-3.334000,0
2020-10-26,sh.601628,48.8300,49.2900,46.7100,47.8700,49.0000,25573044,1226944943.0500,3,0.122800,1,-2.306100,0
2020-10-27,sh.601628,47.6100,49.5900,47.5000,49.0300,47.8700,19448056,949219120.1300,3,0.093400,1,2.423200,0
2020-10-28,sh.601628,49.0000,49.3800,47.7100,49.0600,49.0300,23749560,1149923922.0700,3,0.114100,1,0.061200,0
2020-10-29,sh.601628,48.1500,48.8700,45.9600,48.0000,49.0600,40396068,1899436603.1900,3,0.194000,1,-2.160600,0
2020-10-30,sh.601628,48.2100,48.2100,45.9000,46.0800,48.0000,29741981,1391241365.0200,3,0.142800,1,-4.000000,0
2020-11-02,sh.601628,46.5000,46.5700,43.9300,44.6800,46.0800,38158696,1711815766.7400,3,0.183200,1,-3.038200,0
2020-11-03,sh.601628,45.0000,45.9800,44.5500,45.7800,44.6800,25958462,1178860601.6200,3,0.124700,1,2.462000,0
2020-11-04,sh.601628,44.5300,44.8300,43.2000,43.4300,45.7800,41716785,1828703095.5500,3,0.200300,1,-5.133200,0
2020-11-05,sh.601628,43.9900,44.4300,42.0000,42.7400,43.4300,43435676,1860701822.3000,3,0.208600,1,-1.588800,0
2020-11-06,sh.601628,42.7600,42.8500,41.0500,41.2800,42.7400,39648596,1655936615.6200,3,0.190400,1,-3.416000,0
2020-11-09,sh.601628,41.6900,42.6800,41.3100,42.5900,41.2800,50675075,2126253168.1200,3,0.243400,1,3.173400,0
2020-11-10,sh.601628,42.6800,43.6100,42.1100,42.6500,42.5900,39531793,1694678024.8600,3,0.189800,1,0.140900,0
2020-11-11,sh.601628,42.2800,43.2500,41.6600,42.7700,42.6500,26692742,1137561997.6000,3,0.128200,1,0.281400,0
2020-11-12,sh.601628,42.6500,42.7200,41.7000,41.9000,42.7700,19480856,817313206.6000,3,0.093600,1,-2.034100,0
2020-11-13,sh.601628,41.6400,41.6800,40.2200,40.7000,41.9000,25045378,1019946494.4400,3,0.120300,1,-2.864000,0
2020-11-16,sh.601628,41.1500,41.5800,40.7400,41.4100,40.7000,21628316,890528071.6500,3,0.103900,1,1.744500,0
2020-11-17,sh.601628,41.4700,41.8500,40.8500,41.4200,41.4100,17608990,728305951.9100,3,0.084600,1,0.024100,0
2020-11-18,sh.601628,41.4200,43.0400,41.4100,42.8200,41.4200,37508487,1597492440.1300,3,0.180100,1,3.380000,0
2020-11-19,sh.601628,42.4000,43.2500,42.3000,43.2100,42.8200,25777310,1104832405.5300,3,0.123800,1,0.910800,0
2020-11-20,sh.601628,43.0400,43.0600,42.1900,42.5100,43.2100,20091393,853305343.6000,3,0.096500,1,-1.620000,0
2020-11-23,sh.601628,42.4200,43.2500,41.3000,42.6400,42.5100,33111386,1398015213.3200,3,0.159000,1,0.305800,0
2020-11-24,sh.601628,42.3200,42.6800,41.8500,41.8900,42.6400,17197621,725338904.2200,3,0.082600,1,-1.758900,0
2020-11-25,sh.601628,42.3000,43.1800,42.1100,42.2000,41.8900,31185083,1334888001.5800,3,0.149800,1,0.740000,0
2020-11-26,sh.601628,42.1400,42.7500,41.2800,41.9800,42.2000,27942719,1171567735.7300,3,0.134200,1,-0.521300,0
2020-11-27,sh.601628,41.9200,42.8700,41.5500,42.8000,41.9800,26717267,1127544835.5000,3,0.128300,1,1.953300,0
2020-11-30,sh.601628,43.1000,44.4000,42.4100,42.4100,42.8000,48806528,2129826915.9300,3,0.234400,1,-0.911200,0
2020-12-01,sh.601628,42.3500,43.3500,41.7700,43.1000,42.4100,36646571,1558026846.8000,3,0.176000,1,1.627000,0
2020-12-02,sh.601628,43.1000,43.1000,42.3000,42.4500,43.1000,28341020,1205698832.4100,3,0.136100,1,-1.508100,0
2020-12-03,sh.601628,42.4500,42.4500,41.8500,42.1300,42.4500,19895119,836727151.1200,3,0.095500,1,-0.753800,0
2020-12-04,sh.601628,41.9500,41.9500,41.4000,41.7100,42.1300,19379038,806740046.6700,3,0.093100,1,-0.996900,0
2020-12-07,sh.601628,41.7300,42.0800,41.4200,41.9000,41.7100,14688227,614049065.6800,3,0.070500,1,0.455500,0
2020-12-08,sh.601628,41.9000,42.2300,41.6700,41.8100,41.9000,12116292,508361087.4000,3,0.058200,1,-0.214800,0
2020-12-09,sh.601628,41.9600,42.1900,41.3800,41.7500,41.8100,15124781,632832892.2600,3,0.072600,1,-0.143500,0
2020-12-10,sh.601628,41.8400,41.9400,40.4500,40.5300,41.7500,27857813,1141782480.6500,3,0.133800,1,-2.922200,0
2020-12-11,sh.601628,40.4000,40.7500,39.3000,39.7800,40.5300,24075308,959607882.9600,3,0.115600,1,-1.850500,0
2020-12-14,sh.601628,39.7500,39.7700,38.6000,39.0200,39.7800,20523126,801356241.9900,3,0.098600,1,-1.910500,0
2020-12-15,sh.601628,39.0400,39.0900,38.1200,38.5200,39.0200,20809951,798716177.1900,3,0.099900,1,-1.281400,0
2020-12-16,sh.601628,38.7600,39.5300,38.5700,39.0300,38.5200,16512135,644836084.2600,3,0.079300,1,1.324000,0
2020-12-17,sh.601628,38.8000,39.9500,38.4200,39.8100,39.0300,18076795,710545694.7300,3,0.086800,1,1.998500,0
2020-12-18,sh.601628,39.7600,40.1000,38.8100,38.9100,39.8100,15248242,598491730.6700,3,0.073200,1,-2.260700,0
2020-12-21,sh.601628,38.6100,39.3100,38.2600,39.0900,38.9100,12899274,501457999.7000,3,0.061900,1,0.462600,0
2020-12-22,sh.601628,38.9900,39.0700,37.3300,37.3800,39.0900,20798563,792922887.8500,3,0.099900,1,-4.374500,0
2020-12-23,sh.601628,37.4500,37.7300,36.6600,37.4000,37.3800,21699819,808311726.5300,3,0.104200,1,0.053500,0
2020-12-24,sh.601628,37.5000,38.2900,37.1200,37.2500,37.4000,12835912,482780320.2700,3,0.061600,1,-0.401100,0
2020-12-25,sh.601628,37.3500,37.6600,36.4100,37.5200,37.2500,13062406,484249446.0500,3,0.062700,1,0.724800,0
2020-12-28,sh.601628,37.4500,38.1800,36.8800,37.4000,37.5200,16547887,620763184.0100,3,0.079500,1,-0.319800,0
2020-12-29,sh.601628,37.3900,37.8800,37.3900,37.7100,37.4000,12100891,455424662.1800,3,0.058100,1,0.828900,0
2020-12-30,sh.601628,37.4600,37.5700,36.9100,37.3800,37.7100,16426861,609814657.6800,3,0.078900,1,-0.875100,0
2020-12-31,sh.601628,37.3500,39.2000,37.3500,38.3900,37.3800,30023911,1150786103.7300,3,0.144200,1,2.702000,0
2021-01-04,sh.601628,38.3900,38.3900,37.1600,37.8300,38.3900,27325327,1026587692.1000,3,0.131200,1,-1.458700,0
2021-01-05,sh.601628,37.4900,37.5100,36.8300,37.4900,37.8300,24119173,895589111.7500,3,0.115800,1,-0.898800,0
2021-01-06,sh.601628,37.4000,38.9900,37.2500,38.9900,37.4900,45982366,1764153274.9700,3,0.220800,1,4.001100,0
2021-01-07,sh.601628,39.0800,39.8000,38.3300,39.3400,38.9900,40746234,1591183904.8600,3,0.195700,1,0.897700,0
2021-01-08,sh.601628,39.2700,39.2800,38.5300,39.0300,39.3400,22747787,885732994.8800,3,0.109200,1,-0.788000,0
2021-01-11,sh.601628,38.9000,38.9700,37.7400,37.7500,39.0300,24923966,952176959.0800,3,0.119700,1,-3.279500,0
2021-01-12,sh.601628,37.9000,41.1500,37.4300,40.8100,37.7500,48023107,1888165126.4600,3,0.230600,1,8.106000,0
2021-01-13,sh.601628,40.7900,41.1500,39.6900,40.0700,40.8100,36650617,1475232101.4700,3,0.176000,1,-1.813300,0
2021-01-14,sh.601628,40.0000,41.5500,40.0000,40.3400,40.0700,40529688,1655053198.8100,3,0.194600,1,0.673800,0
2021-01-15,sh.601628,40.1500,42.3200,40.0500,41.4100,40.3400,47128362,1952244557.5000,3,0.226300,1,2.652500,0
2021-01-18,sh.601628,41.0000,41.6600,40.0100,40.8800,41.4100,32900157,1335610066.5900,3,0.158000,1,-1.279900,0
2021-01-19,sh.601628,40.5000,41.2600,40.1100,40.9300,40.8800,23990683,974373728.1500,3,0.115200,1,0.122300,0
2021-01-20,sh.601628,40.4600,40.7700,39.8000,39.9800,40.9300,20864304,837648336.8900,3,0.100200,1,-2.321000,0
2021-01-21,sh.601628,39.9900,40.0700,39.0100,39.5900,39.9800,25663890,1011670101.6200,3,0.123200,1,-0.975500,0
2021-01-22,sh.601628,39.3100,39.5000,38.0000,38.0200,39.5900,31233367,1204135633.7400,3,0.150000,1,-3.965600,0
2021-01-25,sh.601628,38.0300,38.6700,37.2300,38.6600,38.0200,20599775,783554908.7000,3,0.098900,1,1.683300,0
2021-01-26,sh.601628,38.2200,38.4600,37.4500,37.6500,38.6600,16148673,611487024.5600,3,0.077600,1,-2.612500,0
2021-01-27,sh.601628,37.6500,38.2900,37.5500,37.7500,37.6500,12291941,465880711.2200,3,0.059000,1,0.265600,0
2021-01-28,sh.601628,37.1500,37.5200,37.0000,37.2400,37.7500,11806410,439268093.9200,3,0.056700,1,-1.351000,0
2021-01-29,sh.601628,37.4300,37.4600,35.7100,36.1500,37.2400,17692899,644907386.3200,3,0.085000,1,-2.927000,0
2021-02-01,sh.601628,36.0000,36.5300,35.6200,36.3200,36.1500,11548334,418116590.9900,3,0.055500,1,0.470300,0
2021-02-02,sh.601628,36.5100,36.5400,35.7000,35.9600,36.3200,14717872,528650889.9600,3,0.070700,1,-0.991200,0
2021-02-03,sh.601628,35.9800,35.9800,34.7400,35.2200,35.9600,16261206,573611598.5400,3,0.078100,1,-2.057800,0
2021-02-04,sh.601628,35.4100,35.6900,33.9500,33.9900,35.2200,30486976,1057519246.9800,3,0.146400,1,-3.492300,0
2021-02-05,sh.601628,33.6300,34.2000,33.3900,33.8000,33.9900,23793991,805940360.5500,3,0.114300,1,-0.559000,0
2021-02-08,sh.601628,33.7000,33.9900,32.2200,32.4100,33.8000,34901857,1142552182.3300,3,0.167600,1,-4.112400,0
2021-02-09,sh.601628,32.5900,33.2200,31.9000,33.2100,32.4100,20526095,671048761.2300,3,0.098600,1,2.468400,0
2021-02-10,sh.601628,33.2000,34.2500,33.0900,33.6200,33.2100,22620541,761804506.2100,3,0.108600,1,1.234600,0
2021-02-18,sh.601628,34.2600,35.6700,34.2400,34.9400,33.6200,29567910,1031082825.6000,3,0.142000,1,3.926200,0
2021-02-19,sh.601628,34.7900,35.7200,34.1800,35.3000,34.9400,24491866,862613206.5300,3,0.117600,1,1.030300,0
2021-02-22,sh.601628,35.3200,35.6200,34.5900,34.7200,35.3000,29009218,1014964641.8400,3,0.139300,1,-1.643100,0
2021-02-23,sh.601628,34.7300,35.7800,34.7200,35.4000,34.7200,24144732,855188934.0300,3,0.115900,1,1.958500,0
2021-02-24,sh.601628,35.2300,36.1700,34.4000,34.6300,35.4000,27209816,959683468.0600,3,0.130700,1,-2.175100,0
2021-02-25,sh.601628,34.1800,36.0500,33.3000,35.3600,34.6300,38655872,1344232272.6700,3,0.185600,1,2.108000,0
2021-02-26,sh.601628,34.5300,34.9400,33.1000,33.1600,35.3600,36017620,1217359541.2600,3,0.173000,1,-6.221700,0
2021-03-01,sh.601628,32.9000,33.3000,32.4000,33.0600,33.1600,16571438,544504914.4900,3,0.079600,1,-0.301600,0
2021-03-02,sh.601628,32.9800,33.6600,32.8000,33.1000,33.0600,14455559,479604251.3800,3,0.069400,1,0.121000,0
2021-03-03,sh.601628,33.1000,34.1600,33.0000,34.0300,33.1000,24024438,813247729.4100,3,0.115400,1,2.809700,0
2021-03-04,sh.601628,33.8400,34.5400,33.6600,34.1400,34.0300,20677285,704681026.1600,3,0.099300,1,0.323200,0
2021-03-05,sh.601628,33.8000,34.1200,32.9000,33.3300,34.1400,19024028,633706619.9400,3,0.091400,1,-2.372600,0
2021-03-08,sh.601628,33.3500,34.1800,32.9000,32.9400,33.3300,19059627,640637814.9300,3,0.091500,1,-1.170100,0
2021-03-09,sh.601628,33.0800,33.5200,32.3600,32.9700,32.9400,19085723,629177884.0400,3,0.091700,1,0.091100,0
2021-03-10,sh.601628,32.9600,33.1500,31.5100,31.6000,32.9700,21201734,682333730.2200,3,0.101800,1,-4.155300,0
2021-03-11,sh.601628,31.5600,32.1600,31.5600,32.1600,31.6000,15235081,486462257.2900,3,0.073200,1,1.772200,0
2021-03-12,sh.601628,32.0000,32.3500,31.7000,32.0500,32.1600,11221812,359128659.0900,3,0.053900,1,-0.342000,0
2021-03-15,sh.601628,32.0900,32.1800,31.6000,31.8100,32.0500,10474789,333485899.3800,3,0.050300,1,-0.748800,0
2021-03-16,sh.601628,31.9900,32.6500,31.8900,32.6000,31.8100,13926478,449913212.4900,3,0.066900,1,2.483500,0
2021-03-17,sh.601628,32.5000,32.6000,31.9000,31.9800,32.6000,13631440,438514980.5600,3,0.065500,1,-1.901800,0
2021-03-18,sh.601628,31.8500,32.3600,31.8500,32.1500,31.9800,8654470,277960247.0200,3,0.041600,1,0.531600,0
2021-03-19,sh.601628,32.0100,32.0600,31.0800,31.0800,32.1500,17096481,537905315.7900,3,0.082100,1,-3.328100,0
2021-03-22,sh.601628,31.0800,31.5900,31.0300,31.5600,31.0800,9638830,302453097.5600,3,0.046300,1,1.544400,0
2021-03-23,sh.601628,31.7500,32.3000,31.5800,31.9400,31.5600,12323755,393368179.5100,3,0.059200,1,1.204100,0
2021-03-24,sh.601628,31.7400,32.3000,31.6500,31.7700,31.9400,11664567,372801157.6800,3,0.056000,1,-0.532200,0
2021-03-25,sh.601628,31.5200,31.6900,31.2000,31.4100,31.7700,8926278,280906076.1300,3,0.042900,1,-1.133100,0
2021-03-26,sh.601628,31.4300,32.3300,31.4000,32.2000,31.4100,16534943,530900042.6900,3,0.079400,1,2.515100,0
2021-03-29,sh.601628,32.2000,32.4800,31.8600,32.1100,32.2000,9607329,308682348.9900,3,0.046100,1,-0.279500,0
2021-03-30,sh.601628,32.1100,32.2800,31.7600,32.0600,32.1100,9429379,301379966.6400,3,0.045300,1,-0.155700,0
2021-03-31,sh.601628,31.8600,31.9800,31.6000,31.8200,32.0600,7235913,229896592.5400,3,0.034700,1,-0.748600,0
2021-04-01,sh.601628,31.9000,32.2600,31.7200,32.2000,31.8200,8441508,270980197.7900,3,0.040500,1,1.194200,0
2021-04-02,sh.601628,32.1900,32.4200,31.9300,32.2700,32.2000,8811680,283706953.9400,3,0.042300,1,0.217400,0
2021-04-06,sh.601628,32.2200,32.4200,32.0800,32.2400,32.2700,6469442,208421048.7800,3,0.031100,1,-0.093000,0
2021-04-07,sh.601628,32.2500,32.3500,31.5600,31.7700,32.2400,10884496,346401952.7200,3,0.052300,1,-1.457800,0
2021-04-08,sh.601628,31.6700,32.1300,31.5500,31.9900,31.7700,8569214,273764235.5400,3,0.041200,1,0.692500,0
2021-04-09,sh.601628,31.9500,31.9700,31.1600,31.2500,31.9900,11917848,374139229.2100,3,0.057200,1,-2.313200,0
2021-04-12,sh.601628,31.2200,31.5000,31.0800,31.1500,31.2500,7778855,243323383.2400,3,0.037400,1,-0.320000,0
2021-04-13,sh.601628,31.1500,31.2600,30.4200,30.6700,31.1500,10907549,334919354.5400,3,0.052400,1,-1.540900,0
2021-04-14,sh.601628,30.7500,30.9500,30.4200,30.6500,30.6700,7563658,231697050.8000,3,0.036300,1,-0.065200,0
2021-04-15,sh.601628,30.5800,30.6000,29.8000,29.9500,30.6500,11465639,343597270.8100,3,0.055100,1,-2.283800,0
2021-04-16,sh.601628,30.0400,30.6800,29.9300,30.6300,29.9500,10883931,330777976.3500,3,0.052300,1,2.270500,0
2021-04-19,sh.601628,30.6700,31.0400,30.3300,31.0200,30.6300,10966862,337995333.1300,3,0.052700,1,1.273300,0
2021-04-20,sh.601628,30.8200,30.9900,30.5100,30.5900,31.0200,7373787,226670398.4900,3,0.035400,1,-1.386200,0
2021-04-21,sh.601628,30.4800,30.8300,30.1500,30.7800,30.5900,7212327,220872036.6100,3,0.034600,1,0.621100,0
2021-04-22,sh.601628,31.8700,32.2200,31.2000,31.3300,30.7800,19281243,609663028.4900,3,0.092600,1,1.786900,0
2021-04-23,sh.601628,31.3700,32.4900,31.3700,32.1100,31.3300,23580591,755301277.3000,3,0.113200,1,2.489600,0
2021-04-26,sh.601628,31.9100,31.9100,31.0300,31.0300,32.1100,15456610,485313818.8500,3,0.074200,1,-3.363400,0
2021-04-27,sh.601628,30.9400,32.5500,30.6000,32.3200,31.0300,22116134,703522472.9700,3,0.106200,1,4.157300,0
2021-04-28,sh.601628,32.4000,33.2100,32.0400,32.8600,32.3200,24971023,817336020.3200,3,0.119900,1,1.670800,0
2021-04-29,sh.601628,32.9200,33.6400,32.3900,33.6200,32.8600,28104213,936287096.9100,3,0.135000,1,2.312800,0
2021-04-30,sh.601628,33.6500,33.8800,32.6000,33.0700,33.6200,21917936,726756107.5600,3,0.105300,1,-1.635900,0
2021-05-06,sh.601628,32.8000,33.2000,32.5000,32.7300,33.0700,15074988,493469889.0600,3,0.072400,1,-1.028100,0
2021-05-07,sh.601628,32.6300,33.0700,32.5100,32.6100,32.7300,12257961,401900417.5300,3,0.058900,1,-0.366600,0
2021-05-10,sh.601628,32.5500,32.5500,31.8100,32.2400,32.6100,13930887,447802299.4800,3,0.066900,1,-1.134600,0
2021-05-11,sh.601628,31.9800,32.9900,31.9000,32.9900,32.2400,15077812,490110760.7500,3,0.072400,1,2.326300,0
2021-05-12,sh.601628,32.7700,33.1800,32.5100,32.8400,32.9900,12202428,400364195.8900,3,0.058600,1,-0.454700,0
2021-05-13,sh.601628,32.4000,32.7500,32.0500,32.5200,32.8400,8180815,264743910.4800,3,0.039300,1,-0.974400,0
2021-05-14,sh.601628,32.5400,35.5800,32.4200,35.4500,32.5200,48742898,1680389968.7100,3,0.234100,1,9.009800,0
2021-05-17,sh.601628,35.0000,35.2000,34.4000,34.5700,35.4500,27174411,943583494.0700,3,0.130500,1,-2.482400,0
2021-05-18,sh.601628,34.6400,35.6500,34.6000,34.9600,34.5700,22518062,789807216.1000,3,0.108100,1,1.128100,0
2021-05-19,sh.601628,34.7300,35.0800,34.2000,34.4300,34.9600,16713828,577249021.7900,3,0.080300,1,-1.516000,0
2021-05-20,sh.601628,34.5500,35.5800,34.2500,35.2100,34.4300,23366648,819560232.8800,3,0.112200,1,2.265500,0
2021-05-21,sh.601628,35.5000,35.6000,34.3200,34.4100,35.2100,18844951,653601426.8100,3,0.090500,1,-2.272100,0
2021-05-24,sh.601628,34.3000,35.1000,34.2600,34.8300,34.4100,15044164,523275676.1800,3,0.072200,1,1.220600,0
2021-05-25,sh.601628,34.8900,36.6900,34.6100,36.2600,34.8300,39175387,1413268566.6200,3,0.188100,1,4.105700,0
2021-05-26,sh.601628,36.2300,37.2000,35.9000,36.5900,36.2600,34276291,1252805410.1200,3,0.164600,1,0.910100,0
2021-05-27,sh.601628,36.2200,36.8400,36.0100,36.4500,36.5900,19016395,690155468.0000,3,0.091300,1,-0.382600,0
2021-05-28,sh.601628,36.3000,36.8700,36.1000,36.7000,36.4500,21165120,770461616.8500,3,0.101600,1,0.685900,0
2021-05-31,sh.601628,36.2700,36.5700,35.7100,36.4000,36.7000,21819753,787809854.8500,3,0.104800,1,-0.817400,0
2021-06-01,sh.601628,35.9500,36.0900,34.8300,35.2400,36.4000,29160105,1032069667.8500,3,0.140000,1,-3.186800,0
2021-06-02,sh.601628,35.2000,35.7000,34.6600,35.4100,35.2400,22437361,787035085.2600,3,0.107800,1,0.482400,0
2021-06-03,sh.601628,35.1000,35.8500,34.9900,35.0500,35.4100,16079435,569784176.5800,3,0.077200,1,-1.016700,0
2021-06-04,sh.601628,34.9000,36.2500,34.8600,35.7800,35.0500,20447437,729019072.1200,3,0.098200,1,2.082700,0
2021-06-07,sh.601628,35.5500,35.8000,35.1100,35.4000,35.7800,11502351,406225059.7100,3,0.055200,1,-1.062000,0
2021-06-08,sh.601628,35.3900,35.9800,35.0500,35.5600,35.4000,14379054,511122538.4700,3,0.069100,1,0.452000,0
2021-06-09,sh.601628,35.4500,35.9400,35.3500,35.5600,35.5600,13310548,474874537.6200,3,0.063900,1,0.000000,0
2021-06-10,sh.601628,35.3600,35.8600,34.4400,34.6400,35.5600,21885658,768409628.9000,3,0.105100,1,-2.587200,0
2021-06-11,sh.601628,34.3500,34.4900,33.2500,33.3000,34.6400,29957812,1007651246.8500,3,0.143900,1,-3.868400,0
2021-06-15,sh.601628,33.1500,33.5100,32.5700,33.2700,33.3000,15738529,518869756.5100,3,0.075600,1,-0.090100,0
2021-06-16,sh.601628,33.2500,34.0600,33.1100,33.7000,33.2700,15152199,511037841.2200,3,0.072800,1,1.292500,0
2021-06-17,sh.601628,33.5800,34.0900,33.2000,33.5700,33.7000,11117786,373854656.8300,3,0.053400,1,-0.385800,0
2021-06-18,sh.601628,33.5800,33.9000,33.2500,33.4200,33.5700,10975557,368370788.2800,3,0.052700,1,-0.446800,0
2021-06-21,sh.601628,33.1300,33.8000,32.5500,33.7800,33.4200,15543597,517587449.5200,3,0.074600,1,1.077200,0
2021-06-22,sh.601628,33.9900,34.6900,33.5000,33.9600,33.7800,17669784,602690397.4000,3,0.084900,1,0.532900,0
2021-06-23,sh.601628,33.9000,34.2600,33.5900,33.7400,33.9600,13005033,439614807.7300,3,0.062500,1,-0.647800,0
2021-06-24,sh.601628,33.7400,34.5000,33.5300,34.0000,33.7400,14177552,483855238.1600,3,0.068100,1,0.770600,0
2021-06-25,sh.601628,34.2200,35.3100,33.8700,34.8900,34.0000,25844521,896668135.7000,3,0.124100,1,2.617600,0
2021-06-28,sh.601628,35.1500,35.2300,34.3000,34.4900,34.8900,13776432,475880925.6700,3,0.066200,1,-1.146500,0
2021-06-29,sh.601628,34.3600,34.5300,33.6900,33.8600,34.4900,12121014,412997600.4300,3,0.058200,1,-1.826600,0
2021-06-30,sh.601628,33.7000,34.2700,33.7000,33.8900,33.8600,9154782,310273793.8900,3,0.044000,1,0.088600,0
2021-07-01,sh.601628,34.0800,34.2700,33.1400,33.3000,33.8900,13473472,453376914.6400,3,0.064700,1,-1.740900,0
2021-07-02,sh.601628,33.1000,33.1700,31.8500,31.9900,33.3000,18772855,606775741.7400,3,0.090200,1,-3.933900,0
2021-07-05,sh.601628,31.9000,32.8300,31.8300,32.6700,31.9900,13950450,451040844.8000,3,0.067000,1,2.125700,0
2021-07-06,sh.601628,32.6700,33.7200,32.5600,33.6300,32.6700,17161435,571900526.5500,3,0.082400,1,2.938500,0
2021-07-07,sh.601628,33.6000,33.9500,33.0900,33.3500,33.6300,13429487,449005318.1600,3,0.064500,1,-0.832600,0
2021-07-08,sh.601628,33.3100,33.3500,32.3800,32.5500,33.3500,11236598,367173417.2500,3,0.054000,1,-2.398800,0
2021-07-09,sh.601628,32.5600,32.9300,31.9500,32.1600,32.5500,14356822,464054795.3200,3,0.068900,1,-1.198200,0
2021-07-12,sh.601628,32.3600,32.5700,31.6600,31.7700,32.1600,18450876,589026425.2300,3,0.088600,1,-1.212700,0
2021-07-13,sh.601628,31.7600,32.0500,31.5800,32.0200,31.7700,10701197,341211025.2100,3,0.051400,1,0.786900,0
2021-07-14,sh.601628,31.8800,31.8900,31.0000,31.2000,32.0200,15330300,478073941.9900,3,0.073600,1,-2.560900,0
2021-07-15,sh.601628,30.6900,31.4400,30.4800,31.2000,30.5600,13962989,433990363.4100,3,0.067100,1,2.094200,0
2021-07-16,sh.601628,30.8700,31.3300,30.6000,30.9700,31.2000,10426254,322383616.9700,3,0.050100,1,-0.737200,0
2021-07-19,sh.601628,30.9900,31.2900,30.3000,31.2100,30.9700,12301520,378543357.7600,3,0.059100,1,0.774900,0
2021-07-20,sh.601628,30.9900,31.2800,30.7000,31.0000,31.2100,7262125,225015106.4100,3,0.034900,1,-0.672900,0
2021-07-21,sh.601628,30.7800,31.4400,30.7200,30.9400,31.0000,10352127,320770541.8600,3,0.049700,1,-0.193500,0
2021-07-22,sh.601628,30.7500,31.7900,30.7100,31.4200,30.9400,16580173,521180217.0600,3,0.079600,1,1.551400,0
2021-07-23,sh.601628,31.3600,31.7400,30.8400,31.2000,31.4200,11985808,374050985.5000,3,0.057600,1,-0.700200,0
2021-07-26,sh.601628,30.8800,30.8800,29.2900,29.4500,31.2000,21117090,629393016.6300,3,0.101400,1,-5.609000,0
2021-07-27,sh.601628,29.3600,29.5500,28.2700,28.5000,29.4500,16652582,480575093.3600,3,0.080000,1,-3.225800,0
2021-07-28,sh.601628,28.7900,29.1500,28.5100,28.5600,28.5000,11308806,325318065.7500,3,0.054300,1,0.210500,0
2021-07-29,sh.601628,28.9500,29.2000,27.8500,28.0600,28.5600,15308160,431078523.2700,3,0.073500,1,-1.750700,0
2021-07-30,sh.601628,27.8500,28.3700,27.5000,28.0000,28.0600,12205675,340525287.5800,3,0.058600,1,-0.213800,0
2021-08-02,sh.601628,27.7100,28.8400,27.0000,28.2700,28.0000,19208047,537900884.5000,3,0.092200,1,0.964300,0
2021-08-03,sh.601628,28.0700,28.6900,27.8300,28.5300,28.2700,13471053,382235839.1400,3,0.064700,1,0.919700,0
2021-08-04,sh.601628,28.4300,28.4800,27.9300,28.1600,28.5300,10508409,295828895.0500,3,0.050500,1,-1.296900,0
2021-08-05,sh.601628,27.9400,28.8800,27.8200,28.0700,28.1600,12116074,343241856.6600,3,0.058200,1,-0.319600,0
2021-08-06,sh.601628,27.9100,28.1700,27.7100,27.8200,28.0700,8024586,223471844.3700,3,0.038500,1,-0.890600,0
2021-08-09,sh.601628,27.6600,28.9800,27.4300,28.5100,27.8200,16005774,456269264.4700,3,0.076900,1,2.480200,0
2021-08-10,sh.601628,28.3100,28.9000,28.1100,28.7600,28.5100,12970473,369767765.7100,3,0.062300,1,0.876900,0
2021-08-11,sh.601628,28.7900,29.4800,28.7300,28.8000,28.7600,15736403,456887419.5300,3,0.075600,1,0.139100,0
2021-08-12,sh.601628,28.7000,29.1000,28.3200,28.3500,28.8000,10676574,305282553.7800,3,0.051300,1,-1.562500,0
2021-08-13,sh.601628,28.3800,28.6200,28.2200,28.4100,28.3500,7622119,216455654.6000,3,0.036600,1,0.211600,0
2021-08-16,sh.601628,28.5200,29.1000,28.4600,28.7700,28.4100,10995128,317034728.7400,3,0.052800,1,1.267200,0
2021-08-17,sh.601628,28.7700,29.3500,28.5900,28.6500,28.7700,17562007,510112265.0800,3,0.084300,1,-0.417100,0
2021-08-18,sh.601628,28.5000,30.3800,28.1700,29.9700,28.6500,30116942,887367977.3600,3,0.144600,1,4.607300,0
2021-08-19,sh.601628,29.6400,29.7800,29.0300,29.1500,29.9700,16914252,496121383.4400,3,0.081200,1,-2.736100,0
2021-08-20,sh.601628,28.8800,29.9900,28.8000,29.6600,29.1500,22726750,671901637.1200,3,0.109100,1,1.749600,0
2021-08-23,sh.601628,29.6500,29.7200,29.0600,29.3800,29.6600,12431710,364929633.4300,3,0.059700,1,-0.944000,0
2021-08-24,sh.601628,29.0800,29.7000,28.9400,29.5600,29.3800,14501038,425623164.6000,3,0.069600,1,0.612700,0
2021-08-25,sh.601628,29.5000,29.7800,29.2800,29.4700,29.5600,8530256,251538759.2900,3,0.041000,1,-0.304500,0
2021-08-26,sh.601628,29.3000,29.5600,28.8700,28.9000,29.4700,11414943,332161153.0200,3,0.054800,1,-1.934200,0
2021-08-27,sh.601628,29.0000,29.8500,28.9900,29.4600,28.9000,14237883,419821655.7100,3,0.068400,1,1.937700,0
2021-08-30,sh.601628,29.4600,29.4600,28.5000,28.5900,29.4600,14314084,411957945.2400,3,0.068700,1,-2.953200,0
2021-08-31,sh.601628,28.4100,28.9800,28.1100,28.8400,28.5900,11833215,338205144.3600,3,0.056800,1,0.874400,0
2021-09-01,sh.601628,28.7500,31.3000,28.7000,30.8200,28.8400,37736484,1143964501.8600,3,0.181200,1,6.865500,0
2021-09-02,sh.601628,30.8100,31.6000,30.5000,30.9300,30.8200,26172690,808337136.4100,3,0.125700,1,0.356900,0
2021-09-03,sh.601628,31.3000,31.5900,30.2200,30.9600,30.9300,22056086,682383857.4400,3,0.105900,1,0.097000,0
2021-09-06,sh.601628,30.6000,31.4900,30.5800,31.0500,30.9600,17331164,538748606.1700,3,0.083200,1,0.290700,0
2021-09-07,sh.601628,30.9600,31.5600,30.6600,31.5400,31.0500,21104170,658043115.2800,3,0.101300,1,1.578100,0
2021-09-08,sh.601628,31.4900,32.5600,31.3700,31.7000,31.5400,24725817,789670919.6300,3,0.118700,1,0.507300,0
2021-09-09,sh.601628,31.3000,31.8000,30.8400,31.4300,31.7000,15024086,469194691.2500,3,0.072100,1,-0.851700,0
2021-09-10,sh.601628,31.4000,32.5000,31.3500,31.7900,31.4300,23085818,737973833.5700,3,0.110900,1,1.145400,0
2021-09-13,sh.601628,31.8000,32.5300,31.7000,32.0800,31.7900,15475792,495863019.4700,3,0.074300,1,0.912200,0
2021-09-14,sh.601628,32.1000,32.4200,30.7200,30.9100,32.0800,20183871,634151652.9800,3,0.096900,1,-3.647100,0
2021-09-15,sh.601628,30.6000,31.0800,30.4400,30.8200,30.9100,13354629,409771772.4100,3,0.064100,1,-0.291200,0
2021-09-16,sh.601628,30.8000,31.1900,30.2100,30.8500,30.8200,14651594,450068230.0100,3,0.070400,1,0.097300,0
2021-09-17,sh.601628,30.8500,31.1800,30.6000,30.8200,30.8500,11195385,345181331.8200,3,0.053800,1,-0.097200,0
2021-09-22,sh.601628,30.0000,30.1500,29.4300,29.6700,30.8200,15781239,469002411.3600,3,0.075800,1,-3.731300,0
2021-09-23,sh.601628,29.9900,30.4500,29.6300,30.0000,29.6700,15894607,475934665.9600,3,0.076300,1,1.112200,0
2021-09-24,sh.601628,29.8300,30.3500,29.4600,29.6300,30.0000,11332450,338927872.3600,3,0.054400,1,-1.233300,0
2021-09-27,sh.601628,29.5600,30.6500,29.4800,30.4900,29.6300,17657199,533258407.6600,3,0.084800,1,2.902500,0
2021-09-28,sh.601628,30.4700,30.7700,30.0500,30.1600,30.4900,13493038,408779913.5200,3,0.064800,1,-1.082300,0
2021-09-29,sh.601628,30.0000,30.5800,29.8500,30.4600,30.1600,13497638,408801932.7600,3,0.064800,1,0.994700,0
2021-09-30,sh.601628,30.3100,30.5100,29.6900,29.8000,30.4600,14092188,421135486.1700,3,0.067700,1,-2.166800,0
2021-10-08,sh.601628,30.3000,31.4900,30.1100,31.3000,29.8000,26220088,813985503.5700,3,0.125900,1,5.033600,0
2021-10-11,sh.601628,31.3100,33.0000,31.3100,31.9000,31.3000,29657339,954726975.8800,3,0.142400,1,1.916900,0
2021-10-12,sh.601628,31.9000,32.3400,31.3500,32.0100,31.9000,18467197,590251586.2100,3,0.088700,1,0.344800,0
2021-10-13,sh.601628,31.9000,32.1000,31.1900,31.6000,32.0100,14854215,468487915.2600,3,0.071300,1,-1.280800,0
2021-10-14,sh.601628,31.4400,31.7900,31.2200,31.2700,31.6000,10395562,326463297.3200,3,0.049900,1,-1.044300,0
2021-10-15,sh.601628,31.2900,31.5500,31.0500,31.3400,31.2700,11821620,369604966.3000,3,0.056800,1,0.223900,0
2021-10-18,sh.601628,31.5500,31.9100,30.3500,30.6000,31.3400,15896191,490155711.9600,3,0.076300,1,-2.361200,0
2021-10-19,sh.601628,30.5000,31.7100,30.4100,31.2500,30.6000,13624465,425320150.6100,3,0.065400,1,2.124200,0
2021-10-20,sh.601628,31.5900,31.9400,30.8300,31.0800,31.2500,11039587,344970830.8300,3,0.053000,1,-0.544000,0
2021-10-21,sh.601628,31.3400,32.9600,31.1600,32.5400,31.0800,32627980,1053074665.1500,3,0.156700,1,4.697600,0
2021-10-22,sh.601628,32.5600,32.8700,32.2500,32.6400,32.5400,17425290,567378685.7900,3,0.083700,1,0.307300,0
2021-10-25,sh.601628,32.5800,32.7900,31.9900,32.7300,32.6400,14531749,471094610.3000,3,0.069800,1,0.275700,0
2021-10-26,sh.601628,32.7000,33.1000,32.0600,32.3000,32.7300,13926038,451454439.7900,3,0.066900,1,-1.313800,0
2021-10-27,sh.601628,32.0100,32.5600,31.6000,32.1300,32.3000,11878229,381710412.3800,3,0.057000,1,-0.526300,0
2021-10-28,sh.601628,31.8800,32.3900,31.4800,31.9000,32.1300,13098737,417837262.4900,3,0.062900,1,-0.715800,0
2021-10-29,sh.601628,31.4600,31.6700,29.6800,29.8000,31.9000,37802569,1143996412.7400,3,0.181500,1,-6.583100,0
2021-11-01,sh.601628,29.4900,30.2300,29.2200,29.7900,29.8000,12748720,379087684.2100,3,0.061200,1,-0.033600,0
2021-11-02,sh.601628,29.7700,30.2500,29.0000,29.3200,29.7900,15426295,454990842.7400,3,0.074100,1,-1.577700,0
2021-11-03,sh.601628,29.3200,29.6000,29.1900,29.3600,29.3200,7260655,213340413.2500,3,0.034900,1,0.136400,0
2021-11-04,sh.601628,29.3400,29.4900,28.9000,29.0300,29.3600,11436978,331975272.2400,3,0.054900,1,-1.124000,0
2021-11-05,sh.601628,28.8800,29.2000,28.7500,28.8400,29.0300,8423505,243674846.5600,3,0.040500,1,-0.654500,0
2021-11-08,sh.601628,28.7500,29.2000,28.5000,28.9800,28.8400,9401405,272342190.9000,3,0.045100,1,0.485400,0
2021-11-09,sh.601628,29.0900,29.2500,28.7000,28.8800,28.9800,6634355,191727200.3800,3,0.031900,1,-0.345100,0
2021-11-10,sh.601628,28.8500,28.8500,28.3000,28.5500,28.8800,8530319,242999052.0600,3,0.041000,1,-1.142700,0
2021-11-11,sh.601628,28.4500,29.3000,28.4100,29.2600,28.5500,13759997,400236611.0400,3,0.066100,1,2.486900,0
2021-11-12,sh.601628,29.2600,29.3200,28.9100,29.1300,29.2600,6173354,179438194.3300,3,0.029600,1,-0.444300,0
2021-11-15,sh.601628,29.2900,29.4500,28.9700,29.2100,29.1300,6073434,177214418.7000,3,0.029200,1,0.274600,0
2021-11-16,sh.601628,29.3800,29.5800,29.1200,29.3600,29.2100,9967171,292833910.5500,3,0.047900,1,0.513500,0
2021-11-17,sh.601628,29.1200,29.5000,29.1200,29.2800,29.3600,7389397,216471414.2700,3,0.035500,1,-0.272500,0
2021-11-18,sh.601628,29.1500,29.3500,29.0300,29.1000,29.2800,5841919,170449970.8700,3,0.028100,1,-0.614800,0
2021-11-19,sh.601628,29.0100,29.6900,28.9600,29.5100,29.1000,8816492,259147818.2800,3,0.042300,1,1.408900,0
2021-11-22,sh.601628,29.5000,29.6100,29.3200,29.4700,29.5100,5033816,148204587.4100,3,0.024200,1,-0.135500,0
2021-11-23,sh.601628,29.4700,29.9200,29.3500,29.4700,29.4700,8868814,262383208.9100,3,0.042600,1,0.000000,0
2021-11-24,sh.601628,29.8000,29.8000,29.1400,29.5600,29.4700,7492003,220538473.7200,3,0.036000,1,0.305400,0
2021-11-25,sh.601628,29.4700,29.4900,29.2200,29.4000,29.5600,4768205,139983554.3500,3,0.022900,1,-0.541300,0
2021-11-26,sh.601628,29.2500,29.3600,28.9000,28.9300,29.4000,8143836,236246048.2100,3,0.039100,1,-1.598600,0
2021-11-29,sh.601628,28.7000,28.9800,28.6000,28.8200,28.9300,5869188,168788982.0200,3,0.028200,1,-0.380200,0
2021-11-30,sh.601628,28.8600,29.5500,28.7200,29.5500,28.8200,7069975,205014809.5000,3,0.034000,1,2.533000,0
2021-12-01,sh.601628,29.1000,29.4000,29.0200,29.3300,29.5500,6844138,200053048.8600,3,0.032900,1,-0.744500,0
2021-12-02,sh.601628,29.2500,29.5500,29.0300,29.1500,29.3300,7791091,227383791.2800,3,0.037400,1,-0.613700,0
2021-12-03,sh.601628,29.1600,29.3500,28.9800,29.2900,29.1500,6119634,178480269.0000,3,0.029400,1,0.480300,0
2021-12-06,sh.601628,29.6100,29.8800,29.3600,29.4400,29.2900,12904480,382527016.9400,3,0.062000,1,0.512100,0
2021-12-07,sh.601628,29.6700,29.9700,29.3600,29.8000,29.4400,11318874,336026000.6500,3,0.054400,1,1.222800,0
2021-12-08,sh.601628,29.8000,29.9000,29.4500,29.9000,29.8000,10582821,314516597.0100,3,0.050800,1,0.335600,0
2021-12-09,sh.601628,29.9900,30.8900,29.8100,30.4700,29.9000,19516307,593655430.1100,3,0.093700,1,1.906400,0
2021-12-10,sh.601628,30.2700,30.5500,30.1200,30.4000,30.4700,11277527,342004196.0900,3,0.054200,1,-0.229700,0
2021-12-13,sh.601628,30.5100,31.0000,30.2700,30.3000,30.4000,13710995,420491102.1500,3,0.065800,1,-0.328900,0
2021-12-14,sh.601628,30.2000,30.3600,29.9000,30.1700,30.3000,8638912,259709073.9300,3,0.041500,1,-0.429000,0
2021-12-15,sh.601628,29.9700,30.2000,29.8100,29.9200,30.1700,5975311,178923685.0200,3,0.028700,1,-0.828600,0
2021-12-16,sh.601628,29.8900,30.1700,29.8400,30.1000,29.9200,6187937,185989966.3600,3,0.029700,1,0.601600,0
2021-12-17,sh.601628,30.0300,30.2300,29.8800,29.9300,30.1000,6805474,204139818.4200,3,0.032700,1,-0.564800,0
2021-12-20,sh.601628,29.9300,30.3000,29.8200,30.0100,29.9300,8751872,263630621.4800,3,0.042000,1,0.267300,0
2021-12-21,sh.601628,29.9800,30.3500,29.9800,30.2500,30.0100,6864818,207527022.0200,3,0.033000,1,0.799700,0
2021-12-22,sh.601628,30.2800,30.3500,29.8300,29.9400,30.2500,7828802,234977624.1400,3,0.037600,1,-1.024800,0
2021-12-23,sh.601628,29.8900,30.0700,29.7200,29.9800,29.9400,5136340,153497552.2800,3,0.024700,1,0.133600,0
2021-12-24,sh.601628,29.9900,30.2300,29.7100,30.1400,29.9800,7341643,220254592.4300,3,0.035300,1,0.533700,0
2021-12-27,sh.601628,30.2000,30.4100,30.0800,30.2700,30.1400,5853434,176945182.8700,3,0.028100,1,0.431300,0
2021-12-28,sh.601628,30.2800,30.5900,30.2700,30.3700,30.2700,8298898,252529571.6200,3,0.039900,1,0.330400,0
2021-12-29,sh.601628,30.6600,30.6600,30.1800,30.3000,30.3700,5540219,168204332.6800,3,0.026600,1,-0.230500,0
2021-12-30,sh.601628,30.2100,30.4500,30.1600,30.1800,30.3000,5431360,164453524.3900,3,0.026100,1,-0.396000,0
2021-12-31,sh.601628,30.3300,30.4500,30.0800,30.0900,30.1800,5763198,174101752.2000,3,0.027700,1,-0.298200,0
2022-01-04,sh.601628,30.0300,30.4300,29.6800,30.3100,30.0900,10470301,314497808.6100,3,0.050300,1,0.731100,0
2022-01-05,sh.601628,30.3200,30.9500,30.2500,30.5300,30.3100,13322233,407930371.7500,3,0.064000,1,0.725800,0
2022-01-06,sh.601628,30.4800,30.7400,30.1500,30.1900,30.5300,7887773,239220497.1700,3,0.037900,1,-1.113700,0
2022-01-07,sh.601628,30.3000,30.9300,30.1900,30.5400,30.1900,11620119,355631379.7300,3,0.055800,1,1.159300,0
2022-01-10,sh.601628,30.1400,30.1500,29.5000,30.0100,30.5400,16167238,483405745.2600,3,0.077600,1,-1.735400,0
2022-01-11,sh.601628,29.9000,30.5000,29.8000,30.1600,30.0100,9821605,296748732.4000,3,0.047200,1,0.499800,0
2022-01-12,sh.601628,30.2500,30.3000,29.8500,30.1000,30.1600,6510759,195723633.7500,3,0.031300,1,-0.198900,0
2022-01-13,sh.601628,30.0900,30.6000,30.0000,30.0300,30.1000,7651419,231530557.7300,3,0.036700,1,-0.232600,0
2022-01-14,sh.601628,30.0000,30.0000,29.0000,29.0000,30.0300,13801899,404948615.7300,3,0.066300,1,-3.429900,0
2022-01-17,sh.601628,28.9200,29.1200,28.7300,28.8800,29.0000,8576298,247769275.0100,3,0.041200,1,-0.413800,0
2022-01-18,sh.601628,29.0000,29.2500,28.8500,29.0500,28.8800,6262793,182010686.7200,3,0.030100,1,0.588600,0
2022-01-19,sh.601628,29.0300,29.3700,29.0300,29.1600,29.0500,5583723,163265676.7700,3,0.026800,1,0.378700,0
2022-01-20,sh.601628,29.1700,29.9200,29.1200,29.7600,29.1600,13327258,395770648.7700,3,0.064000,1,2.057600,0
2022-01-21,sh.601628,29.7100,29.9800,29.3700,29.5400,29.7600,6966701,205826094.5600,3,0.033500,1,-0.739200,0
2022-01-24,sh.601628,29.5400,29.5900,29.0600,29.1900,29.5400,5594000,163378363.1800,3,0.026900,1,-1.184800,0
2022-01-25,sh.601628,29.0700,29.1900,28.5500,28.5500,29.1900,7998885,230388841.1500,3,0.038400,1,-2.192500,0
2022-01-26,sh.601628,28.6000,28.8300,28.4100,28.6500,28.5500,6034599,172647502.8300,3,0.029000,1,0.350300,0
2022-01-27,sh.601628,28.4100,28.5200,28.0000,28.0200,28.6500,7376666,207943242.3600,3,0.035400,1,-2.199000,0
2022-01-28,sh.601628,28.2000,28.3400,27.5200,27.5600,28.0200,7927120,221642968.4300,3,0.038100,1,-1.641700,0
2022-02-07,sh.601628,27.9300,28.4600,27.7000,28.2000,27.5600,6547028,183644720.0400,3,0.031400,1,2.322200,0
2022-02-08,sh.601628,28.2500,28.9900,28.1600,28.8500,28.2000,8964642,256954294.4700,3,0.043100,1,2.305000,0
2022-02-09,sh.601628,28.8500,29.1700,28.6800,28.8400,28.8500,6030065,174197740.9700,3,0.029000,1,-0.034700,0
2022-02-10,sh.601628,28.8000,29.5400,28.5800,29.4400,28.8400,10662402,311817519.3300,3,0.051200,1,2.080400,0
2022-02-11,sh.601628,29.4400,31.8800,29.4000,31.6000,29.4400,48688277,1516725412.3900,3,0.233800,1,7.337000,0
2022-02-14,sh.601628,31.5800,31.8000,30.7100,30.8000,31.6000,19474723,604836002.9000,3,0.093500,1,-2.531600,0
2022-02-15,sh.601628,30.7100,31.0500,30.4400,30.7000,30.8000,10523593,322724106.4700,3,0.050500,1,-0.324700,0
2022-02-16,sh.601628,30.8800,31.0600,30.6500,30.7600,30.7000,8425223,259592592.0100,3,0.040500,1,0.195400,0
2022-02-17,sh.601628,30.4100,30.8500,30.1600,30.4300,30.7600,9994385,304210360.9100,3,0.048000,1,-1.072800,0
2022-02-18,sh.601628,30.1500,30.9400,30.1300,30.5500,30.4300,9416809,287969883.8400,3,0.045200,1,0.394300,0
2022-02-21,sh.601628,30.5000,30.5000,29.6300,30.1700,30.5500,13829901,414290565.0100,3,0.066400,1,-1.243900,0
2022-02-22,sh.601628,29.9000,30.0300,29.5500,29.9700,30.1700,10061653,299475261.8700,3,0.048300,1,-0.662900,0
2022-02-23,sh.601628,29.9800,30.0300,29.6900,29.8300,29.9700,9048317,269609278.5900,3,0.043500,1,-0.467100,0
2022-02-24,sh.601628,29.6700,29.7000,28.6600,28.9400,29.8300,16366104,476166238.7600,3,0.078600,1,-2.983600,0
2022-02-25,sh.601628,28.8600,29.1700,28.8000,28.9300,28.9400,7846736,227390632.7700,3,0.037700,1,-0.034600,0
2022-02-28,sh.601628,28.9800,29.0500,28.5200,28.7800,28.9300,7460957,214345098.0000,3,0.035800,1,-0.518500,0
2022-03-01,sh.601628,28.9300,29.3400,28.6900,29.2900,28.7800,9358106,271872240.0000,3,0.044900,1,1.772100,0
2022-03-02,sh.601628,29.0600,29.1800,28.8000,28.9300,29.2900,6098221,176529638.0000,3,0.029300,1,-1.229100,0
2022-03-03,sh.601628,29.0100,29.1800,28.7200,28.8200,28.9300,6161414,178319136.0000,3,0.029600,1,-0.380200,0
2022-03-04,sh.601628,28.6000,28.7400,28.2300,28.6800,28.8200,9044732,257696712.0000,3,0.043400,1,-0.485800,0
2022-03-07,sh.601628,28.3900,28.4100,27.6500,27.8000,28.6800,12826360,358653872.0000,3,0.061600,1,-3.068300,0
2022-03-08,sh.601628,27.7800,27.9300,26.6100,26.8000,27.8000,13231174,360940976.0000,3,0.063500,1,-3.597100,0
2022-03-09,sh.601628,26.8000,26.9500,24.9700,25.9400,26.8000,16899256,439699984.0000,3,0.081200,1,-3.209000,0
2022-03-10,sh.601628,26.4500,26.5600,25.8600,25.9300,25.9400,8769551,229250043.0000,3,0.042100,1,-0.038600,0
2022-03-11,sh.601628,25.5000,26.2100,25.1900,26.1000,25.9300,9537462,244754976.0000,3,0.045800,1,0.655600,0
2022-03-14,sh.601628,25.8000,25.9600,25.5800,25.6500,26.1000,6475198,166877192.0000,3,0.031100,1,-1.724100,0
2022-03-15,sh.601628,25.5000,25.5600,24.1100,24.1200,25.6500,12933768,320593392.0000,3,0.062100,1,-5.964900,0
2022-03-16,sh.601628,24.3000,25.2100,23.7800,25.0100,24.1200,14280639,350010304.0000,3,0.068600,1,3.689900,0
2022-03-17,sh.601628,25.4000,26.1600,25.0200,25.6800,25.0100,15379169,394121440.0000,3,0.073900,1,2.678900,0
2022-03-18,sh.601628,25.5500,27.1200,25.4200,26.4800,25.6800,36572735,964021501.1200,3,0.175600,1,3.115300,0
2022-03-21,sh.601628,26.3700,26.3700,25.6100,25.8100,26.4800,13472601,349377673.5400,3,0.064700,1,-2.530200,0
2022-03-22,sh.601628,25.2000,26.0200,25.0200,25.8300,25.8100,9179081,236376858.3200,3,0.044100,1,0.077500,0
2022-03-23,sh.601628,25.8000,25.9800,25.5000,25.7000,25.8300,6545970,168389569.8500,3,0.031400,1,-0.503300,0
2022-03-24,sh.601628,25.4800,25.8600,25.3100,25.5400,25.7000,5937668,151967563.1400,3,0.028500,1,-0.622600,0
2022-03-25,sh.601628,25.6000,26.0000,25.3100,25.3200,25.5400,8794788,224835742.8900,3,0.042200,1,-0.861400,0
2022-03-28,sh.601628,24.9000,25.3500,24.5000,25.2800,25.3200,8188904,204295132.3000,3,0.039300,1,-0.158000,0
2022-03-29,sh.601628,25.3500,25.4300,24.9500,24.9800,25.2800,4088675,102762127.7100,3,0.019600,1,-1.186700,0
2022-03-30,sh.601628,25.1800,26.0700,25.1800,26.0000,24.9800,12918465,332770362.8300,3,0.062000,1,4.083300,0
2022-03-31,sh.601628,25.9000,26.7000,25.7800,26.2400,26.0000,12552086,329943782.1300,3,0.060300,1,0.923100,0
2022-04-01,sh.601628,26.0700,27.1800,25.9300,27.1100,26.2400,17288385,463282329.8500,3,0.083000,1,3.315500,0
2022-04-06,sh.601628,26.9700,27.3500,26.8500,27.1800,27.1100,10788901,292491994.9500,3,0.051800,1,0.258200,0
2022-04-07,sh.601628,27.1800,27.3100,26.4600,26.5100,27.1800,13947113,374473137.4400,3,0.067000,1,-2.465000,0
2022-04-08,sh.601628,26.4900,27.1400,26.3500,27.0600,26.5100,9228991,247280012.3600,3,0.044300,1,2.074700,0
2022-04-11,sh.601628,26.7900,27.0100,26.4000,26.4900,27.0600,8015853,213629293.0300,3,0.038500,1,-2.106400,0
2022-04-12,sh.601628,26.5100,27.3000,26.5000,27.1600,26.4900,10251434,276342764.0100,3,0.049200,1,2.529300,0
2022-04-13,sh.601628,26.9300,27.2300,26.7500,26.8600,27.1600,6403721,172491741.7000,3,0.030800,1,-1.104600,0
2022-04-14,sh.601628,27.1000,27.1900,26.6200,26.9500,26.8600,6879498,185366390.5800,3,0.033000,1,0.335100,0
2022-04-15,sh.601628,26.6800,27.1400,26.6200,26.9300,26.9500,7204481,194126127.9100,3,0.034600,1,-0.074200,0
2022-04-18,sh.601628,26.7200,26.8500,25.9400,26.1800,26.9300,9343656,244996223.8000,3,0.044900,1,-2.785000,0
2022-04-19,sh.601628,26.2300,26.2800,25.7300,25.9500,26.1800,5393054,140086294.8100,3,0.025900,1,-0.878500,0
2022-04-20,sh.601628,25.9800,26.1000,25.3200,25.6000,25.9500,7780616,199753433.4300,3,0.037400,1,-1.348700,0
2022-04-21,sh.601628,25.4500,26.3600,25.3200,25.8800,25.6000,9865649,256359523.6900,3,0.047400,1,1.093800,0
2022-04-22,sh.601628,25.7000,26.7300,25.6500,26.5000,25.8800,10347489,273174010.9700,3,0.049700,1,2.395700,0
2022-04-25,sh.601628,25.8100,26.3200,25.2500,25.3000,26.5000,11658717,301140661.7300,3,0.056000,1,-4.528300,0
2022-04-26,sh.601628,25.3000,25.5000,24.2800,24.7300,25.3000,14820538,368039894.1400,3,0.071200,1,-2.253000,0
2022-04-27,sh.601628,24.6100,25.2800,24.5100,25.0200,24.7300,10800043,269600189.8400,3,0.051900,1,1.172700,0
2022-04-28,sh.601628,24.3600,24.7600,24.1900,24.5000,25.0200,9648073,236202285.5300,3,0.046300,1,-2.078300,0
2022-04-29,sh.601628,24.7000,25.4800,24.5300,25.4500,24.5000,9818708,246066716.5800,3,0.047200,1,3.877600,0
2022-05-05,sh.601628,25.3000,25.9500,25.2000,25.5500,25.4500,7697614,197371252.8200,3,0.037000,1,0.392900,0
2022-05-06,sh.601628,25.2200,25.4900,24.9100,25.1000,25.5500,5103976,128276019.6800,3,0.024500,1,-1.761300,0
2022-05-09,sh.601628,25.0000,25.6100,24.8000,25.5900,25.1000,6275206,159021479.5300,3,0.030100,1,1.952200,0
2022-05-10,sh.601628,25.2100,25.9800,25.2100,25.5500,25.5900,6342577,162440741.7000,3,0.030500,1,-0.156300,0
2022-05-11,sh.601628,25.5500,25.7900,25.2500,25.4000,25.5500,7233201,184780444.7000,3,0.034700,1,-0.587100,0
2022-05-12,sh.601628,25.2100,25.4600,25.0500,25.2500,25.4000,5168499,130429476.2400,3,0.024800,1,-0.590600,0
2022-05-13,sh.601628,25.3600,25.6900,25.1500,25.2800,25.2500,4103802,104180429.7900,3,0.019700,1,0.118800,0
2022-05-16,sh.601628,25.3900,25.5000,25.0100,25.0600,25.2800,4245456,106797316.2700,3,0.020400,1,-0.870300,0
2022-05-17,sh.601628,25.0600,25.1800,24.9000,25.1500,25.0600,5040655,126298651.7100,3,0.024200,1,0.359100,0
2022-05-18,sh.601628,25.1800,25.2000,24.7000,24.8100,25.1500,6443944,160034131.7600,3,0.030900,1,-1.351900,0
2022-05-19,sh.601628,24.5300,24.7600,24.2600,24.5200,24.8100,7928043,193561291.2900,3,0.038100,1,-1.168900,0
2022-05-20,sh.601628,24.6400,24.9500,24.5300,24.9200,24.5200,7855541,194990785.2300,3,0.037700,1,1.631300,0
2022-05-23,sh.601628,24.9200,24.9500,24.6100,24.8100,24.9200,5586176,138387602.8000,3,0.026800,1,-0.441400,0
2022-05-24,sh.601628,24.7800,25.0300,24.4600,24.4800,24.8100,8628622,213494974.4100,3,0.041400,1,-1.330100,0
2022-05-25,sh.601628,24.6000,24.6000,24.0600,24.2000,24.4800,10759132,261006800.8200,3,0.051700,1,-1.143800,0
2022-05-26,sh.601628,24.2100,24.3800,23.9200,24.3000,24.2000,9461488,228416124.4600,3,0.045400,1,0.413200,0
2022-05-27,sh.601628,24.3600,24.5600,24.3000,24.4100,24.3000,7040592,171939575.7600,3,0.033800,1,0.452700,0
2022-05-30,sh.601628,24.4300,24.6300,24.3300,24.4600,24.4100,6849281,167838405.4600,3,0.032900,1,0.204800,0
2022-05-31,sh.601628,24.2600,24.9700,24.2300,24.8500,24.4600,11580035,286344900.1700,3,0.055600,1,1.594400,0
2022-06-01,sh.601628,24.8300,24.9800,24.6000,24.8000,24.8500,5866278,145300595.6000,3,0.028200,1,-0.201200,0
2022-06-02,sh.601628,24.6600,25.1500,24.5500,25.1200,24.8000,8465758,210649019.7800,3,0.040700,1,1.290300,0
2022-06-06,sh.601628,25.0000,25.1300,24.6700,25.0600,25.1200,9678884,240966252.2900,3,0.046500,1,-0.238900,0
2022-06-07,sh.601628,25.0700,25.3200,24.9000,25.1300,25.0600,10087187,253303377.1700,3,0.048400,1,0.279300,0
2022-06-08,sh.601628,25.1000,25.3400,24.8000,25.1700,25.1300,10272944,257793422.7200,3,0.049300,1,0.159200,0
2022-06-09,sh.601628,25.2000,25.7000,25.1200,25.4300,25.1700,15379757,391690971.5600,3,0.073900,1,1.033000,0
2022-06-10,sh.601628,25.1500,25.7600,24.9700,25.6600,25.4300,17453919,442043541.6800,3,0.083800,1,0.904400,0
2022-06-13,sh.601628,25.3600,25.4900,24.9700,25.1400,25.6600,9728640,245083067.3300,3,0.046700,1,-2.026500,0
2022-06-14,sh.601628,24.9800,26.3000,24.6800,26.2300,25.1400,17777062,453513607.5400,3,0.085400,1,4.335700,0
2022-06-15,sh.601628,26.2900,28.8500,26.2500,28.8500,26.2300,57403458,1625324472.8600,3,0.275700,1,9.988600,0
2022-06-16,sh.601628,28.8500,28.8800,27.5800,27.9600,28.8500,49550608,1387928358.2000,3,0.238000,1,-3.084900,0
2022-06-17,sh.601628,27.2800,29.2900,27.2800,28.4000,27.9600,34482388,973778436.6000,3,0.165600,1,1.573700,0
2022-06-20,sh.601628,28.1500,29.3800,28.0400,28.8800,28.4000,28064757,804542600.3200,3,0.134800,1,1.690100,0
2022-06-21,sh.601628,28.7700,30.9900,28.6000,30.1000,28.8800,39851124,1201166154.8900,3,0.191400,1,4.224400,0
2022-06-22,sh.601628,29.7500,30.4000,29.4600,29.9200,30.1000,23153313,695959545.2700,3,0.111200,1,-0.598000,0
2022-06-23,sh.601628,29.8000,31.8000,29.8000,31.3500,29.9200,29761980,920931710.9600,3,0.142900,1,4.779400,0
2022-06-24,sh.601628,31.0800,32.5800,30.8500,31.7700,31.3500,28716650,910544925.2600,3,0.137900,1,1.339700,0
2022-06-27,sh.601628,31.8000,31.8400,30.9200,31.4500,31.7700,18932564,594330998.9500,3,0.090900,1,-1.007200,0
2022-06-28,sh.601628,31.3200,31.3900,30.0300,30.4200,31.4500,32056353,974051874.4600,3,0.153900,1,-3.275000,0
2022-06-29,sh.601628,30.2800,31.1000,30.2000,30.5100,30.4200,24679245,757651920.5500,3,0.118500,1,0.295900,0
2022-06-30,sh.601628,30.5100,31.5900,30.3600,31.0800,30.5100,16161295,501879197.8900,3,0.077600,1,1.868200,0
2022-07-01,sh.601628,31.1700,31.5600,30.6900,31.0000,31.0800,8841927,274400110.6200,3,0.042500,1,-0.257400,0
2022-07-04,sh.601628,31.0000,31.2900,30.0300,30.5200,31.0000,16728489,508045171.3100,3,0.080300,1,-1.548400,0
2022-07-05,sh.601628,30.5000,31.2800,30.4200,30.8400,30.5200,15751757,484982991.2000,3,0.075600,1,1.048500,0
2022-07-06,sh.601628,30.8400,30.8800,30.1100,30.5000,30.8400,11759067,357393501.1800,3,0.056500,1,-1.102500,0
2022-07-07,sh.601628,30.4000,30.7800,30.1400,30.1600,30.5000,8724989,264897981.4000,3,0.041900,1,-1.114800,0
2022-07-08,sh.601628,30.2200,30.7000,30.1000,30.2500,30.1600,7291404,221278800.2000,3,0.035000,1,0.298400,0
2022-07-11,sh.601628,30.2300,30.5100,29.9200,30.0300,30.2500,11132998,335416497.9300,3,0.053500,1,-0.727300,0
2022-07-12,sh.601628,30.0600,30.2600,29.6800,29.8600,30.0300,8471745,253829391.4400,3,0.040700,1,-0.566100,0
2022-07-13,sh.601628,29.8600,30.0200,29.1600,29.4200,29.8600,11156881,329055064.1800,3,0.053600,1,-1.473500,0
2022-07-14,sh.601628,28.9300,28.9300,28.1900,28.4600,28.7700,11040706,314110053.1300,3,0.053000,1,-1.077500,0
2022-07-15,sh.601628,28.4600,28.9000,27.9900,27.9900,28.4600,9188221,260679375.0700,3,0.044100,1,-1.651400,0
2022-07-18,sh.601628,27.7000,29.1000,27.7000,28.8000,27.9900,10771118,308941051.0400,3,0.051700,1,2.893900,0
2022-07-19,sh.601628,28.7400,28.7800,28.2100,28.4800,28.8000,7082664,201137050.8900,3,0.034000,1,-1.111100,0
2022-07-20,sh.601628,28.5800,29.0900,28.5100,28.9300,28.4800,10282202,297225574.5400,3,0.049400,1,1.580100,0
2022-07-21,sh.601628,28.9000,28.9000,28.1200,28.2000,28.9300,7925717,225048992.8200,3,0.038100,1,-2.523300,0
2022-07-22,sh.601628,28.2100,28.6500,27.8000,28.2200,28.2000,8473015,238908653.9000,3,0.040700,1,0.070900,0
2022-07-25,sh.601628,28.2000,28.3600,27.9000,28.1800,28.2200,5181295,145540661.7800,3,0.024900,1,-0.141700,0
2022-07-26,sh.601628,28.2000,28.6400,28.0800,28.3700,28.1800,5329474,151341815.1000,3,0.025600,1,0.674200,0
2022-07-27,sh.601628,28.1500,28.3300,27.9200,27.9800,28.3700,3928834,110440357.1400,3,0.018900,1,-1.374700,0
2022-07-28,sh.601628,28.2100,28.7900,28.0800,28.1000,27.9800,7393632,209901589.4800,3,0.035500,1,0.428900,0
2022-07-29,sh.601628,28.0700,28.5300,27.7100,27.8700,28.1000,6799984,190635894.0500,3,0.032700,1,-0.818500,0
2022-08-01,sh.601628,27.5800,27.6800,27.1000,27.4800,27.8700,9492236,259563849.4500,3,0.045600,1,-1.399400,0
2022-08-02,sh.601628,27.1700,27.1800,26.3100,26.5500,27.4800,13576373,361430170.0300,3,0.065200,1,-3.384300,0
2022-08-03,sh.601628,26.8000,26.8600,26.0000,26.0900,26.5500,10566886,277923738.5400,3,0.050700,1,-1.732600,0
2022-08-04,sh.601628,26.4000,26.6800,26.2200,26.5300,26.0900,6808285,180400641.0000,3,0.032700,1,1.686500,0
2022-08-05,sh.601628,26.6800,26.9700,26.4100,26.8400,26.5300,7433772,198388860.0000,3,0.035700,1,1.168500,0
2022-08-08,sh.601628,26.6200,27.0000,26.3000,26.5000,26.8400,6891544,182632758.0000,3,0.033100,1,-1.266800,0
2022-08-09,sh.601628,26.5900,26.6200,26.2700,26.2900,26.5000,5734945,151315851.0000,3,0.027500,1,-0.792500,0
2022-08-10,sh.601628,26.3000,26.4100,25.8100,26.0000,26.2900,6517648,169712508.0000,3,0.031300,1,-1.103100,0
2022-08-11,sh.601628,26.2400,27.8300,26.0200,27.5100,26.0000,22798827,617136787.0000,3,0.109500,1,5.807700,0
2022-08-12,sh.601628,27.0000,28.3300,26.9900,27.9500,27.5100,17792505,492200483.0000,3,0.085400,1,1.599400,0
2022-08-15,sh.601628,27.6200,27.8700,27.0000,27.1800,27.9500,12512189,341922772.5100,3,0.060100,1,-2.754900,0
2022-08-16,sh.601628,27.2000,27.3400,26.7100,26.7700,27.1800,10120738,272621905.0300,3,0.048600,1,-1.508500,0
2022-08-17,sh.601628,26.7600,27.7500,26.5300,27.6900,26.7700,15031605,410027922.1600,3,0.072200,1,3.436700,0
2022-08-18,sh.601628,27.5800,27.5900,27.0200,27.1400,27.6900,10379840,282750716.1500,3,0.049800,1,-1.986300,0
2022-08-19,sh.601628,26.9900,27.7000,26.9200,27.1700,27.1400,10681628,291996952.3200,3,0.051300,1,0.110500,0
2022-08-22,sh.601628,27.1700,27.4300,26.9300,27.0700,27.1700,8261275,224590494.0800,3,0.039700,1,-0.368100,0
2022-08-23,sh.601628,27.0900,27.4100,26.7000,26.9600,27.0700,8132667,219567000.3000,3,0.039100,1,-0.406400,0
2022-08-24,sh.601628,27.3300,28.9500,27.2500,28.3000,26.9600,31887648,900644734.1500,3,0.153100,1,4.970300,0
2022-08-25,sh.601628,28.2000,29.4000,27.8700,29.2000,28.3000,33421562,967371548.4300,3,0.160500,1,3.180200,0
2022-08-26,sh.601628,28.8900,29.9900,28.2800,29.4400,29.2000,22427503,656601469.9300,3,0.107700,1,0.821900,0
2022-08-29,sh.601628,29.3600,29.7000,28.5100,29.0200,29.4400,13149080,380861760.2100,3,0.063100,1,-1.426600,0
2022-08-30,sh.601628,28.9500,29.6900,28.7000,29.5000,29.0200,14019286,409374673.6100,3,0.067300,1,1.654000,0
2022-08-31,sh.601628,29.2300,30.8200,29.1700,30.7000,29.5000,26817941,812874544.5000,3,0.128800,1,4.067800,0
2022-09-01,sh.601628,30.3000,31.1100,30.1800,30.4500,30.7000,15678757,479336188.5700,3,0.075300,1,-0.814300,0
2022-09-02,sh.601628,30.4100,30.6000,29.3700,29.7000,30.4500,22321020,665236421.5600,3,0.107200,1,-2.463100,0
2022-09-05,sh.601628,29.4300,30.1100,29.2500,29.8600,29.7000,11720667,347795407.8500,3,0.056300,1,0.538700,0
2022-09-06,sh.601628,30.0000,30.5400,29.8500,30.3400,29.8600,12976442,392356912.2000,3,0.062300,1,1.607500,0
2022-09-07,sh.601628,30.2300,30.5600,29.9000,30.2500,30.3400,7994553,242005560.1100,3,0.038400,1,-0.296600,0
2022-09-08,sh.601628,30.2500,31.2500,30.1300,30.7600,30.2500,12214235,376772263.9400,3,0.058700,1,1.686000,0
2022-09-09,sh.601628,30.5900,31.7700,30.4700,31.5000,30.7600,22576991,711279840.9400,3,0.108400,1,2.405700,0
2022-09-13,sh.601628,31.4700,32.0900,30.9000,31.4600,31.5000,13194434,417382347.0200,3,0.063400,1,-0.127000,0
2022-09-14,sh.601628,31.0000,31.8400,30.9800,31.6300,31.4600,10297943,324501999.2200,3,0.049500,1,0.540400,0
2022-09-15,sh.601628,31.5200,32.0800,31.5200,31.7400,31.6300,12688329,403614388.1300,3,0.060900,1,0.347800,0
2022-09-16,sh.601628,31.7100,31.9000,30.9500,31.0600,31.7400,17862160,559021417.9300,3,0.085800,1,-2.142400,0
2022-09-19,sh.601628,31.0100,31.4100,30.1700,30.8600,31.0600,14323180,439945574.6500,3,0.068800,1,-0.643900,0
2022-09-20,sh.601628,30.8800,30.8800,29.5800,29.8400,30.8600,18052195,540303376.7600,3,0.086700,1,-3.305200,0
2022-09-21,sh.601628,29.9300,30.2300,29.5100,29.8200,29.8400,10276468,307700771.9800,3,0.049400,1,-0.067000,0
2022-09-22,sh.601628,29.6400,30.1100,29.5200,29.9100,29.8200,8182518,244469466.4700,3,0.039300,1,0.301800,0
2022-09-23,sh.601628,29.8200,31.3000,29.7800,30.8800,29.9100,15791740,487537217.0300,3,0.075800,1,3.243100,0
2022-09-26,sh.601628,30.7900,31.6000,30.6700,30.8200,30.8800,15015557,467660087.9200,3,0.072100,1,-0.194300,0
2022-09-27,sh.601628,30.8200,31.5000,30.6000,31.1000,30.8200,9747066,303843546.8200,3,0.046800,1,0.908500,0
2022-09-28,sh.601628,31.0700,31.8800,30.6700,31.4800,31.1000,16646343,525081964.5000,3,0.079900,1,1.221900,0
2022-09-29,sh.601628,31.3900,32.0300,31.3000,31.7700,31.4800,10717889,340218889.0900,3,0.051500,1,0.921200,0
2022-09-30,sh.601628,31.7600,32.0000,31.1600,31.6300,31.7700,11126885,351652297.8200,3,0.053400,1,-0.440700,0
2022-10-10,sh.601628,31.3000,31.7700,30.7500,31.1900,31.6300,11968377,374280811.9000,3,0.057500,1,-1.391100,0
2022-10-11,sh.601628,31.1800,31.5000,30.5800,30.8400,31.1900,11296232,350075409.9300,3,0.054200,1,-1.122200,0
2022-10-12,sh.601628,31.0200,32.1600,30.7600,32.1400,30.8400,14459380,460091989.8200,3,0.069400,1,4.215300,0
2022-10-13,sh.601628,32.1500,32.6000,31.4500,32.4300,32.1400,19124116,615067770.7200,3,0.091800,1,0.902300,0
2022-10-14,sh.601628,32.3900,32.6500,31.2000,31.2500,32.4300,17512274,557397208.0500,3,0.084100,1,-3.638600,0
2022-10-17,sh.601628,30.9800,32.0300,30.6800,31.7200,31.2500,11336961,356483731.5100,3,0.054400,1,1.504000,0
2022-10-18,sh.601628,31.8100,32.0000,30.0000,30.3000,31.7200,18177573,555088321.6000,3,0.087300,1,-4.476700,0
2022-10-19,sh.601628,30.2900,30.3800,29.3600,29.5600,30.3000,14731162,437660158.1800,3,0.070700,1,-2.442200,0
2022-10-20,sh.601628,29.4200,30.3000,29.4100,29.8100,29.5600,11434844,342047973.1300,3,0.054900,1,0.845700,0
2022-10-21,sh.601628,30.0500,30.1600,29.2400,29.3700,29.8100,7982051,236180910.6800,3,0.038300,1,-1.476000,0
2022-10-24,sh.601628,29.4000,29.6500,28.1000,28.2800,29.3700,18707400,534612042.4000,3,0.089800,1,-3.711300,0
2022-10-25,sh.601628,28.4700,28.8100,28.1300,28.5400,28.2800,11470215,326469519.4800,3,0.055100,1,0.919400,0
2022-10-26,sh.601628,28.5900,28.8000,28.0800,28.2600,28.5400,10891954,309301085.7200,3,0.052300,1,-0.981100,0
2022-10-27,sh.601628,28.3000,28.4400,27.9100,27.9500,28.2600,10521436,296104256.3800,3,0.050500,1,-1.097000,0
2022-10-28,sh.601628,27.6100,28.1100,27.0800,27.2600,27.9500,11362542,312247880.7100,3,0.054600,1,-2.468700,0
2022-10-31,sh.601628,27.1000,27.1000,26.3000,26.6000,27.2600,15982276,424728869.3900,3,0.076800,1,-2.421100,0
2022-11-01,sh.601628,26.7900,28.0800,26.6400,28.0500,26.6000,16635792,457916076.6600,3,0.079900,1,5.451100,0
2022-11-02,sh.601628,28.0000,28.0000,27.4800,27.7100,28.0500,10566678,292560786.0500,3,0.050700,1,-1.212100,0
2022-11-03,sh.601628,27.6000,27.9900,27.3200,27.8100,27.7100,9243024,256114993.5500,3,0.044400,1,0.360900,0
2022-11-04,sh.601628,27.6500,29.8500,27.6500,29.4600,27.8100,21216016,615791451.2400,3,0.101900,1,5.933100,0
2022-11-07,sh.601628,29.2200,30.3000,29.0600,29.9800,29.4600,12627710,378554259.8000,3,0.060600,1,1.765100,0
2022-11-08,sh.601628,29.9200,30.2000,29.6000,30.1500,29.9800,7649099,229017760.9500,3,0.036700,1,0.567000,0
2022-11-09,sh.601628,30.0000,30.2100,29.7000,29.7000,30.1500,5743396,171674094.0500,3,0.027600,1,-1.492500,0
2022-11-10,sh.601628,29.6400,30.0600,29.2900,30.0300,29.7000,7128528,211671205.4200,3,0.034200,1,1.111100,0
2022-11-11,sh.601628,30.8500,31.6000,30.2100,31.3800,30.0300,17544348,544725981.4700,3,0.084300,1,4.495500,0
2022-11-14,sh.601628,31.7000,33.0000,31.7000,32.4900,31.3800,27861505,911644847.4500,3,0.133800,1,3.537300,0
2022-11-15,sh.601628,32.5200,33.3400,32.1600,32.5000,32.4900,22333718,729926997.5600,3,0.107300,1,0.030800,0
2022-11-16,sh.601628,32.3400,32.5800,31.7300,31.7600,32.5000,10676515,341835390.9700,3,0.051300,1,-2.276900,0
2022-11-17,sh.601628,31.7800,32.3800,31.6000,32.2100,31.7600,10475211,335302127.7200,3,0.050300,1,1.416900,0
2022-11-18,sh.601628,32.2300,32.7200,32.0300,32.1000,32.2100,7626163,246300676.9700,3,0.036600,1,-0.341500,0
2022-11-21,sh.601628,32.0700,32.0700,30.8200,31.3700,32.1000,17920224,558274847.3300,3,0.086100,1,-2.274100,0
2022-11-22,sh.601628,31.4000,33.3000,31.0700,32.7600,31.3700,20347873,658411538.2400,3,0.097700,1,4.431000,0
2022-11-23,sh.601628,32.4700,33.5800,32.3100,32.7400,32.7600,21894892,722679642.6100,3,0.105100,1,-0.061100,0
2022-11-24,sh.601628,32.7700,33.1800,32.4100,32.5000,32.7400,9757718,318740112.8100,3,0.046900,1,-0.733000,0
2022-11-25,sh.601628,32.3000,33.7800,32.2500,33.6200,32.5000,17966454,601454583.7800,3,0.086300,1,3.446200,0
2022-11-28,sh.601628,33.1000,33.7000,32.7500,33.3700,33.6200,15474025,514616710.1500,3,0.074300,1,-0.743600,0
2022-11-29,sh.601628,33.5600,36.0000,33.5600,35.7800,33.3700,35585706,1254593555.7500,3,0.170900,1,7.222100,0
2022-11-30,sh.601628,35.3200,36.3600,35.2100,36.1500,35.7800,26335532,946244596.3000,3,0.126500,1,1.034100,0
2022-12-01,sh.601628,36.3300,37.1900,35.3600,35.5800,36.1500,26751428,965911455.2800,3,0.128500,1,-1.576800,0
2022-12-02,sh.601628,35.5900,35.8700,34.9400,35.3000,35.5800,20173055,713133050.8500,3,0.096900,1,-0.787000,0
2022-12-05,sh.601628,35.7100,37.1500,35.5200,37.1000,35.3000,27228867,996838137.5400,3,0.130800,1,5.099200,0
2022-12-06,sh.601628,36.8800,37.1700,36.0000,36.8500,37.1000,17148450,630229740.0200,3,0.082400,1,-0.673900,0
2022-12-07,sh.601628,36.3600,36.6800,35.3400,36.1200,36.8500,23101124,830053851.1500,3,0.110900,1,-1.981000,0
2022-12-08,sh.601628,36.0100,36.5400,35.8800,36.3600,36.1200,14474012,524249935.5000,3,0.069500,1,0.664500,0
2022-12-09,sh.601628,36.0000,36.5200,35.6500,36.2000,36.3600,13159311,474725216.4200,3,0.063200,1,-0.440000,0
2022-12-12,sh.601628,36.0300,36.0900,35.1200,35.3500,36.2000,13375983,474525681.5900,3,0.064200,1,-2.348100,0
2022-12-13,sh.601628,35.4400,35.7500,35.3100,35.4600,35.3500,7460436,264931429.6400,3,0.035800,1,0.311200,0
2022-12-14,sh.601628,35.5300,35.7100,35.0000,35.3900,35.4600,8321326,294177596.4700,3,0.040000,1,-0.197400,0
2022-12-15,sh.601628,35.1500,35.4600,34.7000,35.2000,35.3900,8035787,282121712.7600,3,0.038600,1,-0.536900,0
2022-12-16,sh.601628,34.9700,36.1500,34.9700,35.6300,35.2000,12127875,432037394.8000,3,0.058200,1,1.221600,0
2022-12-19,sh.601628,35.6100,35.9400,34.8900,34.9900,35.6300,9578176,337652569.8700,3,0.046000,1,-1.796200,0
2022-12-20,sh.601628,34.9400,35.2900,34.3500,34.7600,34.9900,15546984,539739972.2200,3,0.074700,1,-0.657300,0
2022-12-21,sh.601628,34.9900,35.8100,34.6400,35.4500,34.7600,8805922,311363058.7800,3,0.042300,1,1.985000,0
2022-12-22,sh.601628,35.4800,36.7600,35.4800,35.8500,35.4500,9320698,336815175.7400,3,0.044800,1,1.128300,0
2022-12-23,sh.601628,35.6300,36.6500,35.5000,36.3800,35.8500,10292147,373918755.6700,3,0.049400,1,1.478400,0
2022-12-26,sh.601628,36.4200,36.4800,35.2800,35.5900,36.3800,14771837,526713715.7500,3,0.070900,1,-2.171500,0
2022-12-27,sh.601628,35.9500,37.0700,35.8100,36.9000,35.5900,12740776,466827660.0800,3,0.061200,1,3.680800,0
2022-12-28,sh.601628,36.5600,37.2800,36.4000,36.9500,36.9000,10552021,389817007.9400,3,0.050700,1,0.135500,0
2022-12-29,sh.601628,36.5800,37.1000,35.9500,36.7200,36.9500,11044136,402162777.8800,3,0.053000,1,-0.622500,0
2022-12-30,sh.601628,36.9200,37.4500,36.6200,37.1200,36.7200,10247196,381462506.3800,3,0.049200,1,1.089300,0
2023-01-03,sh.601628,37.1200,37.1600,36.2300,36.7000,37.1200,11868904,434581428.2000,3,0.057000,1,-1.131500,0
2023-01-04,sh.601628,36.9800,37.7800,36.4200,37.7300,36.7000,13055826,487941205.0800,3,0.062700,1,2.806500,0
2023-01-05,sh.601628,37.7300,38.5000,37.5300,37.9300,37.7300,16830446,641240888.4400,3,0.080800,1,0.530100,0
2023-01-06,sh.601628,37.9100,37.9800,36.9800,37.0300,37.9300,10011570,372431723.5800,3,0.048100,1,-2.372800,0
2023-01-09,sh.601628,37.3100,37.4000,36.7000,37.2700,37.0300,9791112,363263847.8300,3,0.047000,1,0.648100,0
2023-01-10,sh.601628,37.2900,37.2900,36.2500,36.4000,37.2700,15005409,548088147.4800,3,0.072100,1,-2.334300,0
2023-01-11,sh.601628,36.5000,37.5400,36.4300,36.9900,36.4000,12806921,474254911.9500,3,0.061500,1,1.620900,0
2023-01-12,sh.601628,37.2600,37.2600,36.5800,37.1200,36.9900,10107251,372993777.4600,3,0.048500,1,0.351400,0
2023-01-13,sh.601628,37.0500,38.1000,36.6600,38.0500,37.1200,12012935,452415958.0600,3,0.057700,1,2.505400,0
2023-01-16,sh.601628,38.0400,38.3900,37.3500,37.4300,38.0500,19053012,722504344.1000,3,0.091500,1,-1.629400,0
2023-01-17,sh.601628,37.4300,37.4300,35.4200,36.1000,37.4300,25729948,926264036.2200,3,0.123600,1,-3.553300,0
2023-01-18,sh.601628,35.9200,36.3100,35.7000,36.2000,36.1000,13123583,473061264.9700,3,0.063000,1,0.277000,0
2023-01-19,sh.601628,36.0000,36.3000,35.5600,35.9900,36.2000,14631907,523727851.6500,3,0.070300,1,-0.580100,0
2023-01-20,sh.601628,36.1800,36.4800,35.7500,36.1000,35.9900,12987313,468082625.4700,3,0.062400,1,0.305600,0
2023-01-30,sh.601628,36.8400,36.8700,34.6100,34.8000,36.1000,24022646,843958272.8200,3,0.115400,1,-3.601100,0
2023-01-31,sh.601628,34.8600,35.2300,33.9600,34.0400,34.8000,19794678,680507451.9800,3,0.095100,1,-2.183900,0
2023-02-01,sh.601628,34.1200,34.2600,33.3500,33.9400,34.0400,24688664,830154586.4900,3,0.118600,1,-0.293800,0
2023-02-02,sh.601628,33.8800,34.0800,33.3500,33.8900,33.9400,20307045,686049595.9100,3,0.097500,1,-0.147300,0
2023-02-03,sh.601628,33.8500,33.8500,33.1500,33.5100,33.8900,15771846,526803722.2500,3,0.075700,1,-1.121300,0
2023-02-06,sh.601628,33.0800,33.5000,32.7900,33.4900,33.5100,18765484,622953324.4900,3,0.090100,1,-0.059700,0
2023-02-07,sh.601628,33.5800,34.0800,33.3800,33.7000,33.4900,22306444,753780460.0700,3,0.107100,1,0.627100,0
2023-02-08,sh.601628,33.6500,33.9800,33.2800,33.4100,33.7000,10055862,337170410.0900,3,0.048300,1,-0.860500,0
2023-02-09,sh.601628,33.3100,34.2800,33.3100,34.1800,33.4100,18177416,616968180.9900,3,0.087300,1,2.304700,0
2023-02-10,sh.601628,34.1400,34.3000,33.8600,34.2300,34.1800,9115911,310566296.5200,3,0.043800,1,0.146300,0
2023-02-13,sh.601628,34.1300,34.9600,33.3000,34.6000,34.2300,22079871,759699531.9300,3,0.106000,1,1.080900,0
2023-02-14,sh.601628,34.6100,35.2300,34.3100,35.2300,34.6000,13997140,488488349.2000,3,0.067200,1,1.820800,0
2023-02-15,sh.601628,35.0500,35.4500,34.4500,34.7600,35.2300,11860523,412498598.5900,3,0.057000,1,-1.334100,0
2023-02-16,sh.601628,34.6000,35.3800,34.2600,34.4200,34.7600,12649356,441396826.7700,3,0.060700,1,-0.978100,0
2023-02-17,sh.601628,34.0100,35.2800,34.0100,34.4200,34.4200,13370055,466044266.9100,3,0.064200,1,0.000000,0
2023-02-20,sh.601628,34.4600,36.2600,34.4200,36.1800,34.4200,21261966,757551174.5400,3,0.102100,1,5.113300,0
2023-02-21,sh.601628,36.2000,36.2500,35.7000,36.1500,36.1800,8490837,305151150.2900,3,0.040800,1,-0.082900,0
2023-02-22,sh.601628,35.9800,36.1000,35.6100,35.8500,36.1500,9487774,339926342.7600,3,0.045600,1,-0.829900,0
2023-02-23,sh.601628,35.6100,36.4600,35.6100,35.8400,35.8500,9358317,337364019.5000,3,0.044900,1,-0.027900,0
2023-02-24,sh.601628,35.9600,35.9800,35.3900,35.5300,35.8400,11238882,400171016.8300,3,0.054000,1,-0.865000,0
2023-02-27,sh.601628,35.5300,35.9300,35.2400,35.6900,35.5300,6155282,219082990.6700,3,0.029600,1,0.450300,0
2023-02-28,sh.601628,35.6000,35.9100,35.4000,35.7700,35.6900,10580934,377312750.3600,3,0.050800,1,0.224200,0
2023-03-01,sh.601628,35.8000,37.1400,35.6800,37.1000,35.7700,17890046,656374910.9000,3,0.085900,1,3.718200,0
2023-03-02,sh.601628,36.7200,37.1500,36.7000,37.0100,37.1000,6879204,253857497.3600,3,0.033000,1,-0.242600,0
2023-03-03,sh.601628,37.0100,37.6000,36.6800,36.8800,37.0100,9284377,343969896.2400,3,0.044600,1,-0.351300,0
2023-03-06,sh.601628,36.7000,36.8000,35.6100,36.0300,36.8800,16056344,578163635.6400,3,0.077100,1,-2.304800,0
2023-03-07,sh.601628,35.9300,36.6800,35.4100,35.4900,36.0300,11000315,396387169.8200,3,0.052800,1,-1.498800,0
2023-03-08,sh.601628,35.4200,35.4500,34.6700,35.1000,35.4900,13355363,466876884.8600,3,0.064100,1,-1.098900,0
2023-03-09,sh.601628,35.2500,35.3400,34.5100,35.0600,35.1000,8322556,291329004.6800,3,0.040000,1,-0.114000,0
2023-03-10,sh.601628,34.6800,35.3000,34.6500,34.7100,35.0600,8264742,288755402.8200,3,0.039700,1,-0.998300,0
2023-03-13,sh.601628,34.8000,35.3800,34.6300,35.3200,34.7100,8033071,281913413.7800,3,0.038600,1,1.757400,0
2023-03-14,sh.601628,35.1100,35.1100,33.6900,33.9600,35.3200,15007511,511520826.1900,3,0.072100,1,-3.850500,0
2023-03-15,sh.601628,34.2000,34.5400,34.0300,34.3300,33.9600,7581054,260206140.3700,3,0.036400,1,1.089500,0
2023-03-16,sh.601628,34.1000,34.2400,33.6900,33.7200,34.3300,8238894,279267518.1100,3,0.039600,1,-1.776900,0
2023-03-17,sh.601628,34.0500,35.3900,33.8800,34.4100,33.7200,15863307,551884943.6600,3,0.076200,1,2.046300,0
2023-03-20,sh.601628,34.3200,35.3000,34.1200,34.3300,34.4100,15288583,531367897.6600,3,0.073400,1,-0.232500,0
2023-03-21,sh.601628,34.3400,34.9500,33.9300,34.2400,34.3300,12419195,426048707.0400,3,0.059600,1,-0.262200,0
2023-03-22,sh.601628,34.3300,34.5500,33.8200,33.9000,34.2400,9076562,309635791.3700,3,0.043600,1,-0.993000,0
2023-03-23,sh.601628,33.9500,34.6300,33.4300,34.4700,33.9000,9821512,334963172.4700,3,0.047200,1,1.681400,0
2023-03-24,sh.601628,34.4300,34.4300,33.6800,33.7700,34.4700,10727428,363706650.0400,3,0.051500,1,-2.030800,0
2023-03-27,sh.601628,33.7800,34.6000,32.9000,34.4100,33.7700,22137670,749228567.4000,3,0.106300,1,1.895200,0
2023-03-28,sh.601628,34.2500,34.4600,33.7100,33.8100,34.4100,12814219,435869284.1100,3,0.061500,1,-1.743700,0
2023-03-29,sh.601628,34.1300,34.2300,33.3300,34.0100,33.8100,14919199,505650978.9900,3,0.071600,1,0.591500,0
2023-03-30,sh.601628,33.5300,33.7800,32.0100,32.8900,34.0100,23050633,755489776.6200,3,0.110700,1,-3.293100,0
2023-03-31,sh.601628,32.8300,33.8500,32.7300,33.2900,32.8900,15419758,515772648.1500,3,0.074000,1,1.216200,0
2023-04-03,sh.601628,33.1900,33.9300,33.1900,33.6500,33.2900,9597580,321615744.2200,3,0.046100,1,1.081400,0
2023-04-04,sh.601628,33.7000,34.0400,33.3200,33.7100,33.6500,13348655,448409101.4600,3,0.064100,1,0.178300,0
2023-04-06,sh.601628,33.5700,33.6700,33.0300,33.2800,33.7100,12261602,408142435.4300,3,0.058900,1,-1.275600,0
2023-04-07,sh.601628,33.2900,33.9500,33.1100,33.5900,33.2800,6871025,230829545.0900,3,0.033000,1,0.931500,0
2023-04-10,sh.601628,33.5800,34.3500,33.2800,33.9600,33.5900,9512604,322801358.5900,3,0.045700,1,1.101500,0
2023-04-11,sh.601628,33.9000,34.0900,33.2500,33.4100,33.9600,10102682,339201285.4500,3,0.048500,1,-1.619600,0
2023-04-12,sh.601628,33.5200,34.4600,33.3000,33.6800,33.4100,12886072,438286253.7600,3,0.061900,1,0.808100,0
2023-04-13,sh.601628,33.5000,34.1000,33.4500,33.7300,33.6800,9568176,322529896.4100,3,0.045900,1,0.148500,0
2023-04-14,sh.601628,33.8200,34.0700,33.4100,33.7200,33.7300,7577270,255734923.3000,3,0.036400,1,-0.029600,0
2023-04-17,sh.601628,33.6300,35.2100,33.2900,35.2000,33.7200,21794791,753341317.0800,3,0.104700,1,4.389100,0
2023-04-18,sh.601628,35.1300,37.4200,35.0000,37.0000,35.2000,38760212,1432678439.8700,3,0.186100,1,5.113600,0
2023-04-19,sh.601628,36.8500,37.5000,36.5600,36.7300,37.0000,16573519,613873779.5500,3,0.079600,1,-0.729700,0
2023-04-20,sh.601628,36.7200,37.3900,36.0700,36.9800,36.7300,16030863,589193350.8400,3,0.077000,1,0.680600,0
2023-04-21,sh.601628,36.9500,36.9700,35.8000,35.9500,36.9800,15537891,562843908.4800,3,0.074600,1,-2.785300,0
2023-04-24,sh.601628,36.1500,37.2500,36.1200,36.2600,35.9500,14926265,545305847.9300,3,0.071700,1,0.862300,0
2023-04-25,sh.601628,36.2800,37.1300,36.1500,36.8900,36.2600,13636857,501709232.2200,3,0.065500,1,1.737500,0
2023-04-26,sh.601628,36.6000,36.7100,35.3500,36.1400,36.8900,16042994,578613545.6500,3,0.077000,1,-2.033100,0
2023-04-27,sh.601628,36.2100,38.7300,36.2100,38.4700,36.1400,32675911,1241460007.5200,3,0.156900,1,6.447100,0
2023-04-28,sh.601628,38.0000,39.9800,37.8900,39.0000,38.4700,31574637,1234051903.8500,3,0.151600,1,1.377700,0
2023-05-04,sh.601628,38.5500,40.4700,37.5500,40.1600,39.0000,27350540,1091033504.4000,3,0.131300,1,2.974400,0
2023-05-05,sh.601628,40.0000,40.4700,38.6400,38.9500,40.1600,17271875,677249928.0400,3,0.082900,1,-3.012900,0
2023-05-08,sh.601628,38.8000,40.4000,38.7000,39.6600,38.9500,20130635,799686634.0000,3,0.096700,1,1.822800,0
2023-05-09,sh.601628,39.6600,40.2300,38.3000,38.4900,39.6600,21529432,842420038.7400,3,0.103400,1,-2.950100,0
2023-05-10,sh.601628,38.4300,38.4400,37.5200,38.0000,38.4900,17570232,665950872.5200,3,0.084400,1,-1.273100,0
2023-05-11,sh.601628,38.1500,39.7400,37.7500,38.9500,38.0000,15996703,623664398.0600,3,0.076800,1,2.500000,0
2023-05-12,sh.601628,38.8300,40.0000,38.1600,39.1900,38.9500,18553401,731198496.9900,3,0.089100,1,0.616200,0
2023-05-15,sh.601628,39.1900,43.0000,38.2800,42.7500,39.1900,30433274,1247831584.5900,3,0.146100,1,9.083900,0
2023-05-16,sh.601628,42.1900,42.1900,40.5100,41.1900,42.7500,26925010,1109453473.8300,3,0.129300,1,-3.649100,0
2023-05-17,sh.601628,40.6900,40.7100,39.4400,40.4000,41.1900,24027440,960526848.7600,3,0.115400,1,-1.917900,0
2023-05-18,sh.601628,40.0100,42.0000,39.7000,41.1600,40.4000,19913451,819411255.9200,3,0.095600,1,1.881200,0
2023-05-19,sh.601628,41.0000,42.0000,40.3000,41.6000,41.1600,12866117,531862725.7700,3,0.061800,1,1.069000,0
2023-05-22,sh.601628,41.1800,42.1500,40.3100,40.9500,41.6000,14594580,599308377.3300,3,0.070100,1,-1.562500,0
2023-05-23,sh.601628,40.8400,40.9900,39.2000,39.2600,40.9500,18939150,753777456.1500,3,0.091000,1,-4.127000,0
2023-05-24,sh.601628,39.1700,39.1700,37.3600,37.5000,39.2600,22922799,868724740.7100,3,0.110100,1,-4.482900,0
2023-05-25,sh.601628,37.4800,37.5600,36.9000,37.5500,37.5000,13093113,487383535.8400,3,0.062900,1,0.133300,0
2023-05-26,sh.601628,37.4900,38.4400,36.7400,37.7000,37.5500,14599120,549419722.3200,3,0.070100,1,0.399500,0
2023-05-29,sh.601628,37.7000,37.9600,37.0600,37.5200,37.7000,13730606,513744201.0800,3,0.065900,1,-0.477500,0
2023-05-30,sh.601628,37.1200,38.7800,37.1200,38.0500,37.5200,14726338,560554147.9400,3,0.070700,1,1.412600,0
2023-05-31,sh.601628,37.9500,38.0000,37.0100,37.3400,38.0500,10580584,395630747.8300,3,0.050800,1,-1.866000,0
2023-06-01,sh.601628,37.4000,38.2000,37.1600,37.8000,37.3400,13006316,491286613.1400,3,0.062500,1,1.231900,0
2023-06-02,sh.601628,38.1900,38.5800,37.6700,38.4000,37.8000,13006773,497084405.3100,3,0.062500,1,1.587300,0
2023-06-05,sh.601628,38.2900,38.3500,37.5000,37.7100,38.4000,9679105,365986149.7800,3,0.046500,1,-1.796900,0
2023-06-06,sh.601628,37.6000,38.8400,37.3100,37.4800,37.7100,15558821,592669866.7000,3,0.074700,1,-0.609900,0
2023-06-07,sh.601628,37.5000,38.2300,37.4600,37.6800,37.4800,9983481,377712242.4000,3,0.047900,1,0.533600,0
2023-06-08,sh.601628,37.5200,38.4600,37.3800,38.2600,37.6800,10528766,400431850.9800,3,0.050600,1,1.539300,0
2023-06-09,sh.601628,38.3200,38.9900,37.7200,37.8800,38.2600,11232387,427606333.2800,3,0.053900,1,-0.993200,0
2023-06-12,sh.601628,37.7800,38.2500,37.1800,37.5700,37.8800,10750914,403899626.5400,3,0.051600,1,-0.818400,0
2023-06-13,sh.601628,37.5500,37.9400,37.4600,37.9400,37.5700,6796648,256639917.5300,3,0.032600,1,0.984800,0
2023-06-14,sh.601628,37.9400,38.9700,37.7500,38.0000,37.9400,10863049,414898544.4800,3,0.052200,1,0.158100,0
2023-06-15,sh.601628,38.3000,38.6600,37.3700,37.7600,38.0000,11900815,450521733.7000,3,0.057200,1,-0.631600,0
2023-06-16,sh.601628,37.5500,37.9000,37.2900,37.8900,37.7600,9896915,372448955.5800,3,0.047500,1,0.344300,0
2023-06-19,sh.601628,37.8000,37.8000,36.1200,36.4800,37.8900,26873013,982475030.6100,3,0.129100,1,-3.721300,0
2023-06-20,sh.601628,36.4000,36.4200,35.5300,35.9700,36.4800,14001833,503563950.6400,3,0.067200,1,-1.398000,0
2023-06-21,sh.601628,35.9000,36.1400,35.4500,35.4500,35.9700,8324029,297521418.5900,3,0.040000,1,-1.445600,0
2023-06-26,sh.601628,35.2000,35.3500,34.6000,34.8600,35.4500,7625071,266024423.9400,3,0.036600,1,-1.664300,0
2023-06-27,sh.601628,34.9800,35.3200,34.7500,35.1800,34.8600,11136771,390700383.4700,3,0.053500,1,0.918000,0
2023-06-28,sh.601628,35.2000,35.7400,34.7900,35.1200,35.1800,7496958,263497063.4600,3,0.036000,1,-0.170600,0
2023-06-29,sh.601628,35.3600,35.5000,34.5200,35.1900,35.1200,8489719,297974477.2800,3,0.040800,1,0.199300,0
2023-06-30,sh.601628,35.1100,35.2800,34.8800,34.9600,35.1900,6617105,232174600.2500,3,0.031800,1,-0.653600,0
2023-07-03,sh.601628,34.8200,36.3200,34.7900,36.2300,34.9600,19483648,699164214.4500,3,0.093600,1,3.632700,0
2023-07-04,sh.601628,36.1600,36.2400,35.6500,35.7800,36.2300,7178938,257641455.1500,3,0.034500,1,-1.242100,0
2023-07-05,sh.601628,35.7800,35.8200,35.3300,35.4000,35.7800,4751017,168537106.4100,3,0.022800,1,-1.062000,0
2023-07-06,sh.601628,35.4500,35.8700,35.1200,35.2300,35.4000,8239883,292779285.2500,3,0.039600,1,-0.480200,0
2023-07-07,sh.601628,35.1900,35.3300,34.4000,34.7700,35.2300,13281307,463107370.3900,3,0.063800,1,-1.305700,0
2023-07-10,sh.601628,35.1100,35.1100,34.1400,34.2300,34.7700,10499874,361327484.8200,3,0.050400,1,-1.553100,0
2023-07-11,sh.601628,34.5700,34.5700,34.1000,34.1900,34.2300,10495310,359697224.3000,3,0.050400,1,-0.116900,0
2023-07-12,sh.601628,34.2500,34.5700,33.9100,33.9800,34.1900,12397825,424612360.8200,3,0.059500,1,-0.614200,0
2023-07-13,sh.601628,33.8500,33.8800,33.5100,33.6900,33.4900,17115196,577602837.9600,3,0.082200,1,0.597200,0
2023-07-14,sh.601628,33.8000,34.4500,33.5100,33.9900,33.6900,14042321,477402931.9000,3,0.067400,1,0.890500,0
2023-07-17,sh.601628,33.8200,33.9600,32.5300,32.8100,33.9900,20798793,683833435.7700,3,0.099900,1,-3.471600,0
2023-07-18,sh.601628,32.8200,32.8900,32.5000,32.6900,32.8100,9916939,323998660.4000,3,0.047600,1,-0.365700,0
2023-07-19,sh.601628,32.6900,32.8400,32.4100,32.5900,32.6900,9394497,306100358.9700,3,0.045100,1,-0.305900,0
2023-07-20,sh.601628,32.5300,32.7800,31.9200,31.9900,32.5900,15033983,484118453.1200,3,0.072200,1,-1.841100,0
2023-07-21,sh.601628,31.8800,31.8800,31.2400,31.6600,31.9900,16911151,534221062.5600,3,0.081200,1,-1.031600,0
2023-07-24,sh.601628,31.4800,31.8000,31.4100,31.6000,31.6600,7930547,250178165.2900,3,0.038100,1,-0.189500,0
2023-07-25,sh.601628,32.4900,33.6300,32.3400,33.5000,31.6000,51829309,1709129898.7300,3,0.248900,1,6.012700,0
2023-07-26,sh.601628,33.1800,33.8500,33.0800,33.7700,33.5000,19657814,658225501.3800,3,0.094400,1,0.806000,0
2023-07-27,sh.601628,33.8000,35.2400,33.6500,34.4700,33.7700,28481793,987979982.1700,3,0.136800,1,2.072800,0
2023-07-28,sh.601628,34.4700,36.6800,34.3600,36.4500,34.4700,40369543,1445217915.1500,3,0.193900,1,5.744100,0
2023-07-31,sh.601628,36.5200,37.5800,36.4900,36.6700,36.4500,41780608,1543397262.8300,3,0.200600,1,0.603600,0
2023-08-01,sh.601628,36.6300,37.5900,36.2100,36.6500,36.6700,26133531,960154174.4200,3,0.125500,1,-0.054500,0
2023-08-02,sh.601628,36.2800,37.7700,36.2000,36.5700,36.6500,22165228,815173084.9400,3,0.106400,1,-0.218300,0
2023-08-03,sh.601628,36.5400,38.3800,36.1800,38.0000,36.5700,29991298,1122854751.6900,3,0.144000,1,3.910300,0
2023-08-04,sh.601628,38.2600,39.2800,37.7900,37.9800,38.0000,38515920,1484014370.4500,3,0.185000,1,-0.052600,0
2023-08-07,sh.601628,37.5000,37.5000,36.8500,37.1700,37.9800,20543200,761700488.9700,3,0.098700,1,-2.132700,0
2023-08-08,sh.601628,37.0900,37.8100,36.4900,37.1200,37.1700,14384765,533581386.6900,3,0.069100,1,-0.134500,0
2023-08-09,sh.601628,37.0300,37.3000,36.8800,37.0700,37.1200,9965303,369729452.6900,3,0.047900,1,-0.134700,0
2023-08-10,sh.601628,37.0200,37.3800,36.6800,37.1400,37.0700,8150223,301460877.3600,3,0.039100,1,0.188800,0
2023-08-11,sh.601628,37.1800,37.8000,35.9700,35.9700,37.1400,15516681,565193320.0400,3,0.074500,1,-3.150200,0
2023-08-14,sh.601628,35.3000,35.8000,35.0200,35.4800,35.9700,12991115,460413454.8600,3,0.062400,1,-1.362200,0
2023-08-15,sh.601628,35.5600,36.7300,35.3400,36.4700,35.4800,14447242,524615135.4800,3,0.069400,1,2.790300,0
2023-08-16,sh.601628,36.1200,36.7500,35.9000,35.9700,36.4700,10401832,376423744.6500,3,0.050000,1,-1.371000,0
2023-08-17,sh.601628,35.8200,36.0000,34.7600,35.2200,35.9700,16322138,574703036.5300,3,0.078400,1,-2.085100,0
2023-08-18,sh.601628,35.2400,37.2000,35.2400,36.1100,35.2200,24523048,895575171.3700,3,0.117800,1,2.527000,0
2023-08-21,sh.601628,35.8500,35.8500,34.5500,34.5500,36.1100,16203697,568135043.0900,3,0.077800,1,-4.320100,0
2023-08-22,sh.601628,34.8200,35.7500,34.7600,35.4500,34.5500,14814795,522206274.0200,3,0.071100,1,2.604900,0
2023-08-23,sh.601628,35.3600,35.6100,34.7900,35.0000,35.4500,12351503,434227407.1100,3,0.059300,1,-1.269400,0
2023-08-24,sh.601628,34.3600,35.3800,34.0700,34.7100,35.0000,20425710,710103275.2200,3,0.098100,1,-0.828600,0
2023-08-25,sh.601628,34.6800,35.4500,33.7800,35.1100,34.7100,19163977,661762669.0400,3,0.092000,1,1.152400,0
2023-08-28,sh.601628,38.2000,38.3800,35.5300,35.6600,35.1100,23723341,865751475.3100,3,0.113900,1,1.566500,0
2023-08-29,sh.601628,35.8500,36.2500,35.2600,35.5900,35.6600,17827601,635060033.6800,3,0.085600,1,-0.196300,0
2023-08-30,sh.601628,35.4000,35.9700,34.9900,35.4800,35.5900,16965085,602733444.8900,3,0.081500,1,-0.309100,0
2023-08-31,sh.601628,35.4000,36.6000,35.3500,35.6300,35.4800,15281322,550087902.7500,3,0.073400,1,0.422800,0
2023-09-01,sh.601628,35.9900,37.6500,35.9900,37.3300,35.6300,26778120,994673696.1800,3,0.128600,1,4.771300,0
2023-09-04,sh.601628,37.3100,38.6100,37.1700,38.0800,37.3300,23506275,896333887.7900,3,0.112900,1,2.009100,0
2023-09-05,sh.601628,37.9000,37.9000,36.9500,37.1700,38.0800,11261958,419115890.6100,3,0.054100,1,-2.389700,0
2023-09-06,sh.601628,37.0200,37.4700,36.5900,37.1500,37.1700,9168323,339324723.4900,3,0.044000,1,-0.053800,0
2023-09-07,sh.601628,36.9900,37.1700,36.6600,36.7400,37.1500,7885527,290543470.7400,3,0.037900,1,-1.103600,0
2023-09-08,sh.601628,36.5700,37.1300,36.5700,36.9900,36.7400,7079244,261153888.0000,3,0.034000,1,0.680500,0
2023-09-11,sh.601628,37.0000,37.4200,36.5900,36.8600,36.9900,11354554,419399578.3100,3,0.054500,1,-0.351400,0
2023-09-12,sh.601628,36.6000,36.7600,35.8800,36.0700,36.8600,10908175,394462346.7800,3,0.052400,1,-2.143200,0
2023-09-13,sh.601628,36.0100,36.5800,35.9100,36.1000,36.0700,7392443,267625759.0300,3,0.035500,1,0.083200,0
2023-09-14,sh.601628,36.3900,36.3900,35.7100,35.9800,36.1000,6052472,217300534.2000,3,0.029100,1,-0.332400,0
2023-09-15,sh.601628,36.0800,36.3000,35.3600,35.6400,35.9800,9897166,354225871.1400,3,0.047500,1,-0.945000,0
2023-09-18,sh.601628,35.5000,36.0500,35.1600,35.9500,35.6400,9709701,347653691.8900,3,0.046600,1,0.869800,0
2023-09-19,sh.601628,35.9000,36.8100,35.7200,36.6700,35.9500,9289158,338644138.2500,3,0.044600,1,2.002800,0
2023-09-20,sh.601628,36.5300,36.8000,36.1200,36.6700,36.6700,7389886,269447031.6900,3,0.035500,1,0.000000,0
2023-09-21,sh.601628,36.5600,36.9900,36.3700,36.8000,36.6700,9529305,350193105.8000,3,0.045800,1,0.354500,0
2023-09-22,sh.601628,36.4800,37.3200,36.1700,37.3000,36.8000,15474126,568646461.5200,3,0.074300,1,1.358700,0
2023-09-25,sh.601628,37.0300,37.5600,36.6200,37.2400,37.3000,11977686,445526367.3200,3,0.057500,1,-0.160900,0
2023-09-26,sh.601628,37.3800,37.5400,37.1000,37.2600,37.2400,5422922,202168077.4200,3,0.026000,1,0.053700,0
2023-09-27,sh.601628,37.3300,37.4000,36.7400,36.9300,37.2600,7434085,274799121.3800,3,0.035700,1,-0.885700,0
2023-09-28,sh.601628,37.0600,37.0800,36.1500,36.2600,36.9300,7794220,283849691.8400,3,0.037400,1,-1.814200,0
2023-10-09,sh.601628,36.0000,36.3100,35.5900,36.0900,36.2600,7013147,252507610.9500,3,0.033700,1,-0.468800,0
2023-10-10,sh.601628,36.2300,36.4900,35.6300,35.7100,36.0900,5536105,198630634.3900,3,0.026600,1,-1.052900,0
2023-10-11,sh.601628,35.8500,36.4300,35.8200,36.2700,35.7100,7226336,261819822.9700,3,0.034700,1,1.568200,0
2023-10-12,sh.601628,37.5000,37.8800,36.8700,37.8600,36.2700,17326122,648515406.8700,3,0.083200,1,4.383800,0
2023-10-13,sh.601628,37.5500,37.5500,36.9500,37.4800,37.8600,9497425,353954914.7900,3,0.045600,1,-1.003700,0
2023-10-16,sh.601628,37.3900,37.7800,37.1500,37.6200,37.4800,8822997,331337085.1200,3,0.042400,1,0.373500,0
2023-10-17,sh.601628,37.6300,38.3400,37.5200,37.9600,37.6200,9253813,351337494.3600,3,0.044400,1,0.903800,0
2023-10-18,sh.601628,37.6000,38.2000,37.6000,37.7400,37.9600,7590214,287008046.8800,3,0.036500,1,-0.579600,0
2023-10-19,sh.601628,37.3600,37.5000,35.8400,36.0000,37.7400,14757051,539024426.1500,3,0.070900,1,-4.610500,0
2023-10-20,sh.601628,35.8100,36.0600,34.2000,34.4700,36.0000,14389102,501089808.1300,3,0.069100,1,-4.250000,0
2023-10-23,sh.601628,34.0000,35.3500,33.9200,34.8700,34.4700,11641554,403387077.2100,3,0.055900,1,1.160400,0
2023-10-24,sh.601628,34.8000,35.0500,34.0700,34.3700,34.8700,9046224,311239705.7300,3,0.043400,1,-1.433900,0
2023-10-25,sh.601628,35.0000,35.1000,33.9100,33.9300,34.3700,11752011,403028558.3600,3,0.056400,1,-1.280200,0
2023-10-26,sh.601628,33.7000,34.5300,33.5400,33.9500,33.9300,10280838,349142951.0200,3,0.049400,1,0.058900,0
2023-10-27,sh.601628,32.3800,34.0000,31.6900,33.5000,33.9500,31063552,1016405798.3600,3,0.149200,1,-1.325500,0
2023-10-30,sh.601628,32.9800,33.5900,32.1100,33.2200,33.5000,23424969,766086753.3300,3,0.112500,1,-0.835800,0
2023-10-31,sh.601628,33.0000,33.6600,32.9000,33.6000,33.2200,12154616,406222541.4800,3,0.058400,1,1.143900,0
2023-11-01,sh.601628,33.7500,33.8000,32.9500,33.1500,33.6000,10096600,335428850.3800,3,0.048500,1,-1.339300,0
2023-11-02,sh.601628,33.1300,33.2800,32.4300,32.5300,33.1500,10800223,353533142.8000,3,0.051900,1,-1.870300,0
2023-11-03,sh.601628,32.5300,32.8800,32.3600,32.7400,32.5300,10843839,353961535.3800,3,0.052100,1,0.645600,0
2023-11-06,sh.601628,32.9800,33.7000,32.7700,33.4900,32.7400,19028607,634088411.8000,3,0.091400,1,2.290800,0
2023-11-07,sh.601628,33.3100,33.3700,32.4500,32.6400,33.4900,14634500,478138989.5700,3,0.070300,1,-2.538100,0
2023-11-08,sh.601628,32.4900,32.8200,31.9200,32.1100,32.6400,16830510,543204175.7000,3,0.080800,1,-1.623800,0
2023-11-09,sh.601628,32.0300,32.2500,31.6800,31.9900,32.1100,17031414,543002734.7400,3,0.081800,1,-0.373700,0
2023-11-10,sh.601628,32.0000,32.1000,30.7000,30.9000,31.9900,25996485,805159187.6800,3,0.124800,1,-3.407300,0
2023-11-13,sh.601628,30.9900,31.3100,30.5200,31.2500,30.9000,13092263,406431981.8700,3,0.062900,1,1.132700,0
2023-11-14,sh.601628,31.3200,31.5500,30.8000,30.9400,31.2500,22514664,699013966.4500,3,0.108100,1,-0.992000,0
2023-11-15,sh.601628,31.2400,32.1700,31.0700,31.9300,30.9400,23188661,737272657.5600,3,0.111400,1,3.199700,0
2023-11-16,sh.601628,31.7800,31.9100,31.4100,31.6200,31.9300,9430542,298236892.1000,3,0.045300,1,-0.970900,0
2023-11-17,sh.601628,31.5000,31.6500,31.0300,31.5700,31.6200,10741401,336714829.6400,3,0.051600,1,-0.158100,0
2023-11-20,sh.601628,31.6000,31.8400,31.2200,31.3600,31.5700,13735885,430977149.3400,3,0.066000,1,-0.665200,0
2023-11-21,sh.601628,31.4300,32.1900,31.3000,31.6000,31.3600,16009949,508442247.0400,3,0.076900,1,0.765300,0
2023-11-22,sh.601628,31.4600,31.7000,31.4100,31.4300,31.6000,6765401,213249570.7800,3,0.032500,1,-0.538000,0
2023-11-23,sh.601628,31.5000,31.8200,31.3300,31.7500,31.4300,7935642,250904152.7900,3,0.038100,1,1.018100,0
2023-11-24,sh.601628,31.7500,31.9800,31.3000,31.3700,31.7500,8306272,261926162.5400,3,0.039900,1,-1.196900,0
2023-11-27,sh.601628,31.3300,31.4200,30.4200,30.7300,31.3700,12315507,377754994.2000,3,0.059100,1,-2.040200,0
2023-11-28,sh.601628,30.6000,30.9300,30.4500,30.5300,30.7300,7527445,230512291.9400,3,0.036100,1,-0.650800,0
2023-11-29,sh.601628,30.4500,30.5200,29.6100,29.9800,30.5300,13798499,412486567.3000,3,0.066300,1,-1.801500,0
2023-11-30,sh.601628,30.0600,30.3500,29.7900,30.0400,29.9800,10496737,315104025.5800,3,0.050400,1,0.200100,0
2023-12-01,sh.601628,29.9300,30.2800,29.6500,30.2000,30.0400,10391944,311505248.7400,3,0.049900,1,0.532600,0
2023-12-04,sh.601628,30.1000,30.3700,29.3600,29.4500,30.2000,13021794,386871169.3700,3,0.062500,1,-2.483400,0
2023-12-05,sh.601628,29.4000,29.4500,28.5700,28.6000,29.4500,14393905,417347638.1400,3,0.069100,1,-2.886200,0
2023-12-06,sh.601628,28.6100,28.9800,28.5300,28.6500,28.6000,12431244,357218979.2200,3,0.059700,1,0.174800,0
2023-12-07,sh.601628,28.6500,28.9500,28.1400,28.7600,28.6500,10178394,291306406.7000,3,0.048900,1,0.383900,0
2023-12-08,sh.601628,28.6700,29.0000,28.4000,28.4900,28.7600,11495882,329809803.3900,3,0.055200,1,-0.938800,0
2023-12-11,sh.601628,28.4200,28.7900,27.8300,28.7700,28.4900,14377927,406973376.0900,3,0.069000,1,0.982800,0
2023-12-12,sh.601628,28.6300,28.9800,28.4500,28.8000,28.7700,9095503,260950257.7400,3,0.043700,1,0.104300,0
2023-12-13,sh.601628,28.7100,28.7100,28.2200,28.2300,28.8000,8491700,241367561.0000,3,0.040800,1,-1.979200,0
2023-12-14,sh.601628,28.4100,28.5700,27.9800,28.0000,28.2300,10021038,282041246.9400,3,0.048100,1,-0.814700,0
2023-12-15,sh.601628,28.0800,28.5000,27.8600,27.9200,28.0000,9560227,268728331.1800,3,0.045900,1,-0.285700,0
2023-12-18,sh.601628,27.8000,27.9800,27.5100,27.8000,27.9200,8229166,228715230.9400,3,0.039500,1,-0.429800,0
2023-12-19,sh.601628,27.8100,27.9600,27.5600,27.8800,27.8000,8639225,240168888.8100,3,0.041500,1,0.287800,0
2023-12-20,sh.601628,27.8000,27.8500,27.3000,27.3000,27.8800,7403890,203720653.0400,3,0.035600,1,-2.080300,0
2023-12-21,sh.601628,27.2400,27.5300,27.1600,27.3600,27.3000,9922282,271291058.0800,3,0.047600,1,0.219800,0
2023-12-22,sh.601628,27.3600,27.7000,27.1900,27.5300,27.3600,10956098,300666118.9500,3,0.052600,1,0.621300,0
2023-12-25,sh.601628,27.4800,27.6800,27.3300,27.4400,27.5300,7847706,215613182.3600,3,0.037700,1,-0.326900,0
2023-12-26,sh.601628,27.4400,27.6800,27.2500,27.6500,27.4400,8079012,222191146.3400,3,0.038800,1,0.765300,0
2023-12-27,sh.601628,27.7100,27.8700,27.0400,27.3300,27.6500,12453793,340002506.9200,3,0.059800,1,-1.157300,0
2023-12-28,sh.601628,27.2900,28.8000,27.1800,28.5800,27.3300,21473381,605382588.9900,3,0.103100,1,4.573700,0
2023-12-29,sh.601628,28.4200,28.8400,28.0700,28.3500,28.5800,17748555,501947309.6400,3,0.085200,1,-0.804800,0
2024-01-02,sh.601628,28.3500,28.3900,27.9700,27.9900,28.3500,14337161,402911896.6000,3,0.068900,1,-1.269800,0
2024-01-03,sh.601628,27.9000,28.4000,27.9000,28.1100,27.9900,13398963,376708559.0100,3,0.064300,1,0.428700,0
2024-01-04,sh.601628,28.0000,28.1800,26.5000,26.8500,28.1100,27071262,733480491.5300,3,0.130000,1,-4.482400,0
2024-01-05,sh.601628,26.8000,27.3200,26.5800,26.8000,26.8500,19960182,538828372.7400,3,0.095900,1,-0.186200,0
2024-01-08,sh.601628,26.7100,26.9700,26.1800,26.2400,26.8000,14522910,383704380.9300,3,0.069700,1,-2.089600,0
2024-01-09,sh.601628,26.2300,26.5700,26.0700,26.3600,26.2400,11538700,304322774.5700,3,0.055400,1,0.457300,0
2024-01-10,sh.601628,26.2100,26.3100,25.7000,25.8000,26.3600,13998686,362518612.0900,3,0.067200,1,-2.124400,0
2024-01-11,sh.601628,25.7700,26.1300,25.4900,25.8600,25.8000,11862774,306470298.0300,3,0.057000,1,0.232600,0
2024-01-12,sh.601628,25.8000,25.9000,25.4500,25.7200,25.8600,11133977,286375394.3000,3,0.053500,1,-0.541400,0
2024-01-15,sh.601628,25.5000,26.1500,25.4800,25.8700,25.7200,10210789,263846944.9400,3,0.049000,1,0.583200,0
2024-01-16,sh.601628,25.8300,26.4000,25.7300,26.3800,25.8700,15435115,403555867.4000,3,0.074100,1,1.971400,0
2024-01-17,sh.601628,26.2300,26.2800,25.8200,25.8200,26.3800,14490466,376793484.0100,3,0.069600,1,-2.122800,0
2024-01-18,sh.601628,25.8000,26.1500,25.1800,26.0600,25.8200,23363957,599443059.8400,3,0.112200,1,0.929500,0
2024-01-19,sh.601628,25.9600,26.1100,25.6200,25.8900,26.0600,15593956,403768535.9000,3,0.074900,1,-0.652300,0
2024-01-22,sh.601628,25.8800,26.4000,25.4500,25.8400,25.8900,20941679,545500724.4100,3,0.100600,1,-0.193100,0
2024-01-23,sh.601628,25.5000,25.8000,25.0900,25.6000,25.8400,19148524,485919500.6000,3,0.092000,1,-0.928800,0
2024-01-24,sh.601628,25.6500,27.0700,25.6200,26.9500,25.6000,28052713,736964899.3300,3,0.134700,1,5.273400,0
2024-01-25,sh.601628,27.0000,28.8200,27.0000,28.6900,26.9500,38745429,1083582375.1100,3,0.186100,1,6.456400,0
2024-01-26,sh.601628,28.1200,28.7700,27.9100,28.6200,28.6900,22186178,629461809.5400,3,0.106500,1,-0.244000,0
2024-01-29,sh.601628,28.5800,29.7000,28.4000,28.9900,28.6200,26544941,773738041.3500,3,0.127500,1,1.292800,0
2024-01-30,sh.601628,28.7000,29.2900,28.4500,28.4600,28.9900,15774457,454511935.3100,3,0.075800,1,-1.828200,0
2024-01-31,sh.601628,28.2100,29.2000,28.1000,28.7400,28.4600,18680488,535087347.1600,3,0.089700,1,0.983800,0
2024-02-01,sh.601628,28.4100,28.6000,27.8800,28.0600,28.7400,17142009,483313241.6300,3,0.082300,1,-2.366000,0
2024-02-02,sh.601628,28.0600,28.6800,27.5400,28.2000,28.0600,17847382,504135795.1600,3,0.085700,1,0.498900,0
2024-02-05,sh.601628,27.9800,29.3000,27.7200,29.0300,28.2000,23906410,682891126.8800,3,0.114800,1,2.943300,0
2024-02-06,sh.601628,28.8000,30.1800,28.4700,30.1400,29.0300,26563752,780044241.0900,3,0.127600,1,3.823600,0
2024-02-07,sh.601628,30.1300,30.2100,29.4500,30.1800,30.1400,22134407,662272775.3500,3,0.106300,1,0.132700,0
2024-02-08,sh.601628,30.2100,31.0300,29.9800,30.7900,30.1800,22957469,702983103.2200,3,0.110200,1,2.021200,0
2024-02-19,sh.601628,30.7000,31.0700,30.4000,30.9800,30.7900,15933654,489993900.6400,3,0.076500,1,0.617100,0
2024-02-20,sh.601628,30.7900,30.9800,30.4000,30.5900,30.9800,11226272,344671628.3100,3,0.053900,1,-1.258900,0
2024-02-21,sh.601628,30.5000,31.9400,30.1300,31.3400,30.5900,20550971,641011996.5100,3,0.098700,1,2.451800,0
2024-02-22,sh.601628,31.2500,31.5300,31.0200,31.5000,31.3400,9685207,303237687.7000,3,0.046500,1,0.510500,0
2024-02-23,sh.601628,31.5700,31.7800,31.1800,31.5500,31.5000,12713482,400798322.3200,3,0.061100,1,0.158700,0
2024-02-26,sh.601628,31.3600,31.4200,30.3800,30.4000,31.5500,15953482,491245583.9400,3,0.076600,1,-3.645000,0
2024-02-27,sh.601628,30.4000,30.4400,29.9900,30.4000,30.4000,12652202,382080137.4500,3,0.060800,1,0.000000,0
2024-02-28,sh.601628,30.4000,30.5000,30.0000,30.0000,30.4000,13565520,410538644.0400,3,0.065100,1,-1.315800,0
2024-02-29,sh.601628,30.0000,30.3300,29.7100,30.3300,30.0000,12869483,387112510.3500,3,0.061800,1,1.100000,0
2024-03-01,sh.601628,30.1900,30.2300,29.5100,29.9500,30.3300,16194163,482183153.7300,3,0.077800,1,-1.252900,0
2024-03-04,sh.601628,29.8700,29.8700,29.1300,29.3600,29.9500,15545176,456424671.8500,3,0.074700,1,-1.969900,0
2024-03-05,sh.601628,29.3500,29.7700,29.0000,29.7300,29.3600,18821232,554655309.6300,3,0.090400,1,1.260200,0
2024-03-06,sh.601628,29.7300,29.8600,29.2000,29.3700,29.7300,13365480,392780856.9300,3,0.064200,1,-1.210900,0
2024-03-07,sh.601628,29.4000,29.6300,29.0600,29.1500,29.3700,14000261,410862992.1200,3,0.067200,1,-0.749100,0
2024-03-08,sh.601628,29.2000,29.2400,28.8000,29.0800,29.1500,8981467,260317899.9100,3,0.043100,1,-0.240100,0
2024-03-11,sh.601628,29.1100,29.4100,28.9900,29.3900,29.0800,12434397,363647139.0700,3,0.059700,1,1.066000,0
2024-03-12,sh.601628,29.4500,30.2900,29.2300,29.9600,29.3900,20481945,609147363.8600,3,0.098400,1,1.939400,0
2024-03-13,sh.601628,29.8600,29.9500,28.6600,28.9200,29.9600,24267052,706767070.0800,3,0.116500,1,-3.471300,0
2024-03-14,sh.601628,28.9300,29.2800,28.6500,28.8100,28.9200,15186139,438585355.4600,3,0.072900,1,-0.380400,0
2024-03-15,sh.601628,28.7000,28.8500,28.4100,28.6500,28.8100,10656350,304327966.1800,3,0.051200,1,-0.555400,0
2024-03-18,sh.601628,28.6000,29.4200,28.6000,29.3700,28.6500,15946647,464650629.8900,3,0.076600,1,2.513100,0
2024-03-19,sh.601628,29.2000,29.4200,28.8500,28.8900,29.3700,12337552,359870805.4000,3,0.059200,1,-1.634300,0
2024-03-20,sh.601628,28.9700,29.1500,28.7500,29.0700,28.8900,8810077,255119907.4300,3,0.042300,1,0.623100,0
2024-03-21,sh.601628,29.0700,29.3300,28.8700,28.9400,29.0700,9783030,283894509.2500,3,0.047000,1,-0.447200,0
2024-03-22,sh.601628,28.8400,28.8400,28.2800,28.4000,28.9400,12641769,359309938.4900,3,0.060700,1,-1.865900,0
2024-03-25,sh.601628,28.3000,28.4600,27.9500,28.1500,28.4000,8737330,246205483.6900,3,0.042000,1,-0.880300,0
2024-03-26,sh.601628,28.0900,28.6500,28.0000,28.6400,28.1500,9725761,275722337.6900,3,0.046700,1,1.740700,0
2024-03-27,sh.601628,28.4100,28.5400,28.0000,28.1300,28.6400,11414340,322036570.3000,3,0.054800,1,-1.780700,0
2024-03-28,sh.601628,28.3000,28.7500,28.1400,28.5000,28.1300,15175881,433105150.0000,3,0.072900,1,1.315300,0
2024-03-29,sh.601628,28.4000,29.1000,28.3400,28.5000,28.5000,14872713,426719218.3200,3,0.071400,1,0.000000,0
2024-04-01,sh.601628,28.6000,29.5500,28.6000,29.4300,28.5000,17623607,515650405.4700,3,0.084600,1,3.263200,0
2024-04-02,sh.601628,29.2400,29.5800,28.9200,29.0700,29.4300,12313718,359053794.8400,3,0.059100,1,-1.223200,0
2024-04-03,sh.601628,29.0200,29.2700,28.8600,28.8900,29.0700,8282884,239998304.7700,3,0.039800,1,-0.619200,0
2024-04-08,sh.601628,28.7000,28.8000,28.1200,28.1900,28.8900,10697511,302639295.7300,3,0.051400,1,-2.423000,0
2024-04-09,sh.601628,28.2700,28.3400,27.8700,27.9100,28.1900,8659557,242645818.3000,3,0.041600,1,-0.993300,0
2024-04-10,sh.601628,27.9200,28.0000,27.3000,27.5300,27.9100,9422687,260328862.2900,3,0.045300,1,-1.361500,0
2024-04-11,sh.601628,27.5200,27.7500,27.2200,27.6000,27.5300,8274826,227737197.2800,3,0.039700,1,0.254300,0
2024-04-12,sh.601628,27.5900,27.6900,26.5000,26.5300,27.6000,14727489,396481655.9200,3,0.070700,1,-3.876800,0
2024-04-15,sh.601628,26.6000,27.8500,26.5400,27.5200,26.5300,19964595,546492669.9000,3,0.095900,1,3.731600,0
2024-04-16,sh.601628,27.3900,27.8400,27.0100,27.1300,27.5200,15497809,423921268.9400,3,0.074400,1,-1.417200,0
2024-04-17,sh.601628,27.3100,27.6000,26.5900,27.5600,27.1300,14266861,388053641.7400,3,0.068500,1,1.585000,0
2024-04-18,sh.601628,27.4700,28.8600,27.3600,28.4700,27.5600,25119534,713446970.0100,3,0.120600,1,3.301900,0
2024-04-19,sh.601628,28.2700,28.8000,28.0100,28.0900,28.4700,16811956,475865958.0300,3,0.080700,1,-1.334700,0
2024-04-22,sh.601628,28.1100,29.0200,28.0000,28.4600,28.0900,19147573,547989464.3600,3,0.092000,1,1.317200,0
2024-04-23,sh.601628,28.4300,28.7000,28.3500,28.5800,28.4600,10491300,299249294.0000,3,0.050400,1,0.421600,0
2024-04-24,sh.601628,29.0000,29.1100,28.5400,28.9600,28.5800,14698886,424298399.4400,3,0.070600,1,1.329600,0
2024-04-25,sh.601628,28.8900,29.1800,28.6700,29.0600,28.9600,10517601,304621965.7200,3,0.050500,1,0.345300,0
2024-04-26,sh.601628,29.1000,29.6500,29.0100,29.5500,29.0600,16603760,487311914.0600,3,0.079700,1,1.686200,0
2024-04-29,sh.601628,29.8000,31.3300,29.6300,30.8100,29.5500,33086149,1012880914.2200,3,0.158900,1,4.264000,0
2024-04-30,sh.601628,30.7600,30.9900,30.4200,30.6600,30.8100,14409612,442584323.3500,3,0.069200,1,-0.486900,0
2024-05-06,sh.601628,31.5000,32.3100,31.4400,31.6600,30.6600,24976341,797364078.2800,3,0.119900,1,3.261600,0
2024-05-07,sh.601628,31.6100,32.0000,31.3200,31.6000,31.6600,14328960,454668973.4300,3,0.068800,1,-0.189500,0
2024-05-08,sh.601628,31.6500,31.8700,31.1700,31.2200,31.6000,11731001,369401826.2700,3,0.056300,1,-1.202500,0
2024-05-09,sh.601628,31.1900,31.3900,30.9100,31.2400,31.2200,10944600,341061376.7200,3,0.052600,1,0.064100,0
2024-05-10,sh.601628,31.2900,32.0800,31.2700,31.6300,31.2400,13229041,419924481.6100,3,0.063500,1,1.248400,0
2024-05-13,sh.601628,31.3900,31.7500,30.9000,31.4900,31.6300,11610287,364515851.1900,3,0.055800,1,-0.442600,0
2024-05-14,sh.601628,31.4900,32.1000,31.3800,31.9000,31.4900,13268901,422744111.7000,3,0.063700,1,1.302000,0
2024-05-15,sh.601628,32.0000,32.0900,31.5200,31.6400,31.9000,9248101,294352789.4800,3,0.044400,1,-0.815000,0
2024-05-16,sh.601628,31.6600,32.5800,31.6400,32.3700,31.6400,18254019,589387890.8400,3,0.087700,1,2.307200,0
2024-05-17,sh.601628,32.3800,33.1900,31.8100,32.9700,32.3700,21023375,682289850.3900,3,0.101000,1,1.853600,0
2024-05-20,sh.601628,32.7800,33.7900,32.7800,33.3000,32.9700,22918534,764625153.6600,3,0.110100,1,1.000900,0
2024-05-21,sh.601628,32.9000,33.5900,32.8500,33.2000,33.3000,9186181,304984181.4500,3,0.044100,1,-0.300300,0
2024-05-22,sh.601628,33.2600,33.4900,32.7400,32.8300,33.2000,11996679,396488304.9200,3,0.057600,1,-1.114500,0
2024-05-23,sh.601628,32.8500,33.0500,32.5800,32.7400,32.8300,11128249,364815198.7100,3,0.053400,1,-0.274100,0
2024-05-24,sh.601628,32.7900,32.8300,31.9000,31.9400,32.7400,14152460,456490054.9900,3,0.068000,1,-2.443500,0
2024-05-27,sh.601628,32.1000,32.2400,31.6000,31.9400,31.9400,12432551,396048847.2400,3,0.059700,1,0.000000,0
2024-05-28,sh.601628,31.9400,32.3600,31.7600,31.9300,31.9400,10021744,320915063.5000,3,0.048100,1,-0.031300,0
2024-05-29,sh.601628,31.8100,32.0300,31.3000,31.4500,31.9300,7801102,246462590.9000,3,0.037500,1,-1.503300,0
2024-05-30,sh.601628,31.2900,31.8000,31.2900,31.4600,31.4500,6116442,192654760.7000,3,0.029400,1,0.031800,0
2024-05-31,sh.601628,31.6500,32.0100,31.3500,31.3500,31.4600,8217790,260476554.3400,3,0.039500,1,-0.349700,0
2024-06-03,sh.601628,31.3800,31.9600,31.2900,31.5800,31.3500,9541006,301564848.1200,3,0.045800,1,0.733700,0
2024-06-04,sh.601628,31.5800,31.7300,31.3000,31.5700,31.5800,8081502,254538710.8600,3,0.038800,1,-0.031700,0
2024-06-05,sh.601628,31.5300,32.0100,31.4700,31.7000,31.5700,6739986,214027328.7000,3,0.032400,1,0.411800,0
2024-06-06,sh.601628,31.7000,31.8500,31.1000,31.2100,31.7000,6903501,216021892.2800,3,0.033200,1,-1.545700,0
2024-06-07,sh.601628,31.2900,31.4400,30.6600,30.9900,31.2100,6643770,205866018.1000,3,0.031900,1,-0.704900,0
2024-06-11,sh.601628,30.8000,31.2700,30.5100,30.8800,30.9900,8748170,269585663.2000,3,0.042000,1,-0.355000,0
2024-06-12,sh.601628,31.0200,31.0600,30.5500,30.6700,30.8800,5768428,177204212.6500,3,0.027700,1,-0.680100,0
2024-06-13,sh.601628,30.6800,30.7700,30.2900,30.5500,30.6700,6054623,184601120.6300,3,0.029100,1,-0.391300,0
2024-06-14,sh.601628,30.5500,31.6900,30.3700,31.4100,30.5500,11672041,363774488.0900,3,0.056100,1,2.815100,0
2024-06-17,sh.601628,31.2200,31.4800,30.9000,31.3500,31.4100,8084468,252486838.4400,3,0.038800,1,-0.191000,0
2024-06-18,sh.601628,31.3500,31.6400,31.0600,31.2300,31.3500,7129322,223019242.9600,3,0.034200,1,-0.382800,0
2024-06-19,sh.601628,31.2800,32.0000,31.0200,31.3000,31.2300,10602948,333705981.1200,3,0.050900,1,0.224100,0
2024-06-20,sh.601628,31.2000,31.7600,31.0800,31.5100,31.3000,9789122,308440909.8400,3,0.047000,1,0.670900,0
2024-06-21,sh.601628,31.4000,31.6800,31.2000,31.4100,31.5100,7990501,250712187.3100,3,0.038400,1,-0.317400,0
2024-06-24,sh.601628,31.2600,31.5300,30.7300,31.2800,31.4100,12633405,392976139.9900,3,0.060700,1,-0.413900,0
2024-06-25,sh.601628,31.2900,31.5900,30.6000,30.8300,31.2800,9846811,305688565.1100,3,0.047300,1,-1.438600,0
2024-06-26,sh.601628,30.6600,31.2000,30.6600,30.9500,30.8300,7527100,233286885.9600,3,0.036100,1,0.389200,0
2024-06-27,sh.601628,30.9700,31.1900,30.6500,31.0100,30.9500,7834201,242319842.9900,3,0.037600,1,0.193900,0
2024-06-28,sh.601628,30.9900,31.4600,30.8800,31.0500,31.0100,10546743,328041487.0000,3,0.050600,1,0.129000,0
2024-07-01,sh.601628,30.8000,31.3600,29.9900,31.3500,31.0500,13551901,414225395.7100,3,0.065100,1,0.966200,0
2024-07-02,sh.601628,31.0000,31.9000,30.8100,30.9000,31.3500,18055878,566732714.2200,3,0.086700,1,-1.435400,0
2024-07-03,sh.601628,30.8700,31.0500,30.5000,30.9100,30.9000,9363372,288137544.0300,3,0.045000,1,0.032400,0
2024-07-04,sh.601628,30.7900,31.2000,30.7100,30.7200,30.9100,7574900,234195778.0000,3,0.036400,1,-0.614700,0
2024-07-05,sh.601628,30.7200,30.9300,29.9500,29.9800,30.7200,9819467,297010585.0100,3,0.047200,1,-2.408900,0
2024-07-08,sh.601628,30.0000,30.3700,29.8100,30.2500,29.9800,6910477,208647804.7600,3,0.033200,1,0.900600,0
2024-07-09,sh.601628,30.3200,30.6700,29.8300,30.5700,30.2500,7306080,221330905.2000,3,0.035100,1,1.057900,0
2024-07-10,sh.601628,30.5500,31.4200,30.4300,31.2700,30.5700,9294681,288522538.4900,3,0.044600,1,2.289800,0
2024-07-11,sh.601628,31.1100,31.4000,30.7300,30.8500,30.8400,7671304,238095484.2900,3,0.036800,1,0.032400,0
2024-07-12,sh.601628,30.8500,31.5800,30.8200,31.5300,30.8500,8936902,280463101.8700,3,0.042900,1,2.204200,0
2024-07-15,sh.601628,31.4000,31.6900,31.3200,31.4700,31.5300,6676617,210403355.9900,3,0.032100,1,-0.190300,0
2024-07-16,sh.601628,31.4700,31.5000,30.7600,31.2000,31.4700,7683603,239183519.3200,3,0.036900,1,-0.858000,0
2024-07-17,sh.601628,31.0300,32.3000,31.0300,32.1000,31.2000,14104136,450175758.1600,3,0.067700,1,2.884600,0
2024-07-18,sh.601628,31.9100,32.2900,31.7000,32.2300,32.1000,11961675,384098538.3000,3,0.057400,1,0.405000,0
2024-07-19,sh.601628,32.2500,32.2500,31.8200,32.0300,32.2300,10240749,327757072.2400,3,0.049200,1,-0.620500,0
2024-07-22,sh.601628,32.0300,32.1900,31.3000,31.6700,32.0300,10881056,344092549.8500,3,0.052300,1,-1.123900,0
2024-07-23,sh.601628,31.5300,31.6300,31.0400,31.0600,31.6700,7160380,224049932.6000,3,0.034400,1,-1.926100,0
2024-07-24,sh.601628,31.0300,31.1500,30.4400,30.5500,31.0600,8884447,271842749.8800,3,0.042700,1,-1.642000,0
2024-07-25,sh.601628,30.5100,31.1700,30.4500,30.7300,30.5500,9348290,288131368.0000,3,0.044900,1,0.589200,0
2024-07-26,sh.601628,30.7500,31.1000,30.3700,30.5900,30.7300,7175082,219596648.9500,3,0.034500,1,-0.455600,0
2024-07-29,sh.601628,30.5900,31.5100,30.4300,31.2300,30.5900,8959044,278905772.8000,3,0.043000,1,2.092200,0
2024-07-30,sh.601628,31.2300,31.3600,30.6600,30.9400,31.2300,6672666,205982918.1800,3,0.032000,1,-0.928600,0
2024-07-31,sh.601628,30.8100,32.2400,30.6600,32.2000,30.9400,14977091,474732396.6500,3,0.071900,1,4.072400,0
2024-08-01,sh.601628,31.9800,32.4500,31.7000,32.2300,32.2000,9942717,319294759.4200,3,0.047700,1,0.093200,0
2024-08-02,sh.601628,32.0800,32.3000,31.6500,31.7300,32.2300,6244311,198935946.7300,3,0.030000,1,-1.551300,0
2024-08-05,sh.601628,31.5000,32.7300,31.5000,32.3200,31.7300,14793460,477786348.5600,3,0.071000,1,1.859400,0
2024-08-06,sh.601628,32.2300,32.4800,30.1000,30.3600,32.3200,21303879,658773741.7300,3,0.102300,1,-6.064400,0
2024-08-07,sh.601628,30.3200,30.3200,29.5700,29.6300,30.3600,16314917,486940710.7600,3,0.078300,1,-2.404500,0
2024-08-08,sh.601628,29.6400,29.7300,29.1800,29.5600,29.6300,8606460,253927290.7000,3,0.041300,1,-0.236200,0
2024-08-09,sh.601628,29.6700,29.8400,29.3600,29.3600,29.5600,6246611,184641929.2200,3,0.030000,1,-0.676600,0
2024-08-12,sh.601628,29.3200,29.5000,28.9600,29.4900,29.3600,7573248,221368004.8200,3,0.036400,1,0.442800,0
2024-08-13,sh.601628,29.6000,29.7400,29.3400,29.6800,29.4900,6342200,187520190.0000,3,0.030500,1,0.644300,0
2024-08-14,sh.601628,29.7300,29.7900,29.3700,29.4400,29.6800,4658287,137619008.8700,3,0.022400,1,-0.808600,0
2024-08-15,sh.601628,29.3500,30.3000,29.2600,30.2000,29.4400,12705258,381226428.1600,3,0.061000,1,2.581500,0
2024-08-16,sh.601628,30.1600,30.7100,30.0400,30.6800,30.2000,10141704,309476356.1800,3,0.048700,1,1.589400,0
2024-08-19,sh.601628,30.6000,31.4200,30.5000,31.3900,30.6800,9596825,299893719.1300,3,0.046100,1,2.314200,0
2024-08-20,sh.601628,31.4000,31.4000,30.9800,31.2700,31.3900,7781157,242815944.6100,3,0.037400,1,-0.382300,0
2024-08-21,sh.601628,31.1800,31.3900,30.8700,31.1900,31.2700,4965355,154829157.6100,3,0.023800,1,-0.255800,0
2024-08-22,sh.601628,31.2200,31.6500,31.1300,31.3900,31.1900,7503851,235833752.1400,3,0.036000,1,0.641200,0
2024-08-23,sh.601628,31.4100,32.2500,31.3000,32.0600,31.3900,10425092,333250695.8700,3,0.050100,1,2.134400,0
2024-08-26,sh.601628,32.1500,32.4900,31.9000,32.4500,32.0600,10540511,340068033.7900,3,0.050600,1,1.216500,0
2024-08-27,sh.601628,32.2700,32.8800,32.2600,32.8000,32.4500,10884845,355823542.7300,3,0.052300,1,1.078600,0
2024-08-28,sh.601628,32.7000,33.0200,32.4600,32.6000,32.8000,10462697,342121825.9300,3,0.050200,1,-0.609800,0
2024-08-29,sh.601628,32.6000,33.3800,32.4700,32.5000,32.6000,12188500,399837487.4800,3,0.058500,1,-0.306700,0
2024-08-30,sh.601628,32.3700,33.7400,32.3700,33.3800,32.5000,17226184,573245721.9600,3,0.082700,1,2.707700,0
2024-09-02,sh.601628,33.4000,34.5000,33.3700,34.1700,33.3800,18984135,648316354.2700,3,0.091200,1,2.366700,0
2024-09-03,sh.601628,34.1600,34.4800,33.8200,34.2100,34.1700,10453096,356956320.5300,3,0.050200,1,0.117100,0
2024-09-04,sh.601628,34.5000,34.8300,33.5500,33.7900,34.2100,10210972,347147183.6300,3,0.049000,1,-1.227700,0
2024-09-05,sh.601628,33.6200,34.2700,33.6100,34.1100,33.7900,7856815,266809310.3100,3,0.037700,1,0.947000,0
2024-09-06,sh.601628,34.1000,34.5600,33.8400,34.0000,34.1100,6022925,206209261.7700,3,0.028900,1,-0.322500,0
2024-09-09,sh.601628,33.8300,34.2900,33.6600,33.7500,34.0000,7762003,263108800.9900,3,0.037300,1,-0.735300,0
2024-09-10,sh.601628,33.8800,33.9800,33.3500,33.7900,33.7500,7032284,237449488.0000,3,0.033800,1,0.118500,0
2024-09-11,sh.601628,33.8000,34.0600,33.4500,33.6500,33.7900,8477718,285338368.0700,3,0.040700,1,-0.414300,0
2024-09-12,sh.601628,33.7900,34.0300,33.4900,33.8400,33.6500,7265399,245721773.4500,3,0.034900,1,0.564600,0
2024-09-13,sh.601628,33.8400,34.4500,33.8100,34.0800,33.8400,8257559,282143812.2900,3,0.039700,1,0.709200,0
2024-09-18,sh.601628,34.1500,35.4000,34.1200,35.1200,34.0800,13025842,456224923.9000,3,0.062600,1,3.051600,0
2024-09-19,sh.601628,35.0100,35.0600,34.4800,34.9900,35.1200,11294022,392777520.6500,3,0.054200,1,-0.370200,0
2024-09-20,sh.601628,34.9000,35.2400,34.5400,34.9900,34.9900,11016790,384922912.0200,3,0.052900,1,0.000000,0
2024-09-23,sh.601628,35.0000,35.6800,34.6600,35.5300,34.9900,9488512,335734190.6300,3,0.045600,1,1.543300,0
2024-09-24,sh.601628,35.7000,36.8600,35.5000,36.8000,35.5300,17095309,620673108.9600,3,0.082100,1,3.574400,0
2024-09-25,sh.601628,37.5700,38.3000,37.0000,38.1000,36.8000,21355256,810903118.8000,3,0.102600,1,3.532600,0
2024-09-26,sh.601628,37.9700,39.2700,37.7500,39.2300,38.1000,24976560,966410507.1300,3,0.119900,1,2.965900,0
2024-09-27,sh.601628,39.5900,40.2300,39.2000,40.0000,39.2300,10457925,416515131.4300,3,0.050200,1,1.962800,0
2024-09-30,sh.601628,41.1500,44.0000,41.1500,44.0000,40.0000,29689809,1288002667.7000,3,0.142600,1,10.000000,0
2024-10-08,sh.601628,48.4000,48.4000,47.0200,48.4000,44.0000,36751314,1774184574.5600,3,0.176500,1,10.000000,0
2024-10-09,sh.601628,46.0300,47.9000,43.5600,43.5600,48.4000,51261973,2317768221.9400,3,0.246200,1,-10.000000,0
2024-10-10,sh.601628,43.2800,45.3800,41.0800,43.9500,43.5600,40033767,1741221215.9100,3,0.192300,1,0.895300,0
2024-10-11,sh.601628,42.6000,43.7700,41.9900,42.7000,43.9500,17806817,763334500.9900,3,0.085500,1,-2.844100,0
2024-10-14,sh.601628,43.9000,44.1200,42.3700,44.0100,42.7000,21925968,954216906.7200,3,0.105300,1,3.067900,0
2024-10-15,sh.601628,43.2500,44.3000,42.6800,42.6900,44.0100,13768644,599761686.9000,3,0.066100,1,-2.999300,0
2024-10-16,sh.601628,42.3000,43.3800,42.0000,42.9400,42.6900,11880711,508060268.5200,3,0.057100,1,0.585600,0
2024-10-17,sh.601628,44.5500,44.9900,42.7000,42.7500,42.9400,16142759,703742754.2700,3,0.077500,1,-0.442500,0
2024-10-18,sh.601628,42.6400,45.0000,41.8400,43.6700,42.7500,25050649,1081653445.3600,3,0.120300,1,2.152000,0
2024-10-21,sh.601628,43.7800,44.8500,43.1800,43.7600,43.6700,21569832,948427765.1400,3,0.103600,1,0.206100,0
2024-10-22,sh.601628,43.7600,44.9500,43.3000,43.7000,43.7600,13264935,581551215.2900,3,0.063700,1,-0.137100,0
2024-10-23,sh.601628,43.4300,45.7200,43.3500,45.0000,43.7000,21026120,941922417.8100,3,0.101000,1,2.974800,0
2024-10-24,sh.601628,44.3800,44.6700,43.8900,44.3000,45.0000,12629273,558522275.6900,3,0.060600,1,-1.555600,0
2024-10-25,sh.601628,44.5000,44.8700,43.8000,43.9600,44.3000,12792651,564842111.6900,3,0.061400,1,-0.767500,0
2024-10-28,sh.601628,43.9000,43.9800,42.8600,43.3200,43.9600,12244976,529447635.0600,3,0.058800,1,-1.455900,0
2024-10-29,sh.601628,43.1400,43.9800,42.9500,43.3800,43.3200,12005116,522775271.9200,3,0.057700,1,0.138500,0
2024-10-30,sh.601628,43.5000,43.8400,41.9900,42.3800,43.3800,13944915,594494765.8300,3,0.067000,1,-2.305200,0
2024-10-31,sh.601628,42.6000,42.9300,41.5600,41.8800,42.3800,17491569,736506238.3400,3,0.084000,1,-1.179800,0
2024-11-01,sh.601628,41.9500,43.2700,41.6400,42.5500,41.8800,17555221,746917720.4500,3,0.084300,1,1.599800,0
2024-11-04,sh.601628,42.7700,42.9200,41.7800,42.8400,42.5500,12392547,524978799.6500,3,0.059500,1,0.681600,0
2024-11-05,sh.601628,42.7000,45.8600,42.4800,45.5900,42.8400,29294945,1304635157.1600,3,0.140700,1,6.419200,0
2024-11-06,sh.601628,45.3900,45.9800,43.7100,44.6400,45.5900,26002774,1162191542.8400,3,0.124900,1,-2.083800,0
2024-11-07,sh.601628,44.0000,49.1000,43.8100,49.1000,44.6400,34966792,1636030859.8200,3,0.167900,1,9.991000,0
2024-11-08,sh.601628,50.8800,50.8800,48.4400,48.9500,49.1000,34485806,1703127086.5400,3,0.165600,1,-0.305500,0
2024-11-11,sh.601628,48.4000,48.4000,46.5500,47.3900,48.9500,26174320,1234606946.7400,3,0.125700,1,-3.186900,0
2024-11-12,sh.601628,47.4500,48.0900,45.1000,45.5200,47.3900,24752022,1145217896.3000,3,0.118900,1,-3.946000,0
2024-11-13,sh.601628,44.8200,45.9300,44.7300,45.1900,45.3200,13893509,630558241.2400,3,0.066700,1,-0.286800,0
2024-11-14,sh.601628,45.0100,46.7700,44.7900,45.7500,45.1900,22300770,1028821010.3400,3,0.107100,1,1.239200,0
2024-11-15,sh.601628,45.5400,46.1800,44.6800,44.6800,45.7500,14523791,655561290.7500,3,0.069700,1,-2.338800,0
